t,p_des,r_des,y_des,p_act,r_act,y_act,p_vel,r_vel,y_vel
0.02,0.0,0.0,0.0,0.026323100863190563,0.0192293891753171,0.030094557920870173,2.104159605390982,1.9037003870547307,1.3716535515798145
0.04,0.0,0.0,0.0,0.049562978718351955,0.04139342796168276,0.05239676025773697,1.0503879623636445,0.9881776299877318,0.8383854029918497
0.06,0.0,0.0,0.0,0.08307058200919427,0.05142155791666089,0.06332793007348635,1.0690532780992132,0.15781017234271105,0.2837579217082937
0.08,0.0,0.0,0.0,0.09792007872831494,0.06037654610871016,0.06523488054693619,0.960970333557932,0.7847543099071841,-0.07904154600623015
0.1,0.0,0.0,0.0,0.10577161699155083,0.07083699489491474,0.0604029807635527,-0.20146575826804802,0.18779660727165443,-0.3897872060626666
0.12,0.0,0.0,0.0,0.0982702366390593,0.07079412295709919,0.050301957422641375,-0.6680541433517234,-0.18246492316941199,-0.6052405137401597
0.14,0.0,0.0,0.0,0.07775400497351653,0.06527375474571132,0.037061956544672675,-1.1603882512546115,-0.3856969181100725,-0.7030642455426279
0.16,0.0,0.0,0.0,0.05452603634151606,0.05802536919269589,0.022389480667152212,-1.2068845398849144,-0.4350223416752099,-0.7583917153972544
0.18,0.0,0.0,0.0,0.03015137058041202,0.04784530406715836,0.007003502798395567,-1.1333596846117158,-0.5997341889615954,-0.7714621492904377
0.2,0.0,0.0,0.0,0.009116232062447382,0.034531683714653996,-0.008224261595449756,-1.0128649649875938,-0.7042549757410137,-0.7461047480145535
0.22,0.0,0.0,0.0,-0.01042487959275104,0.02067391502583924,-0.022577876745520364,-0.9319096948197417,-0.6644014500492422,-0.6860045526721639
0.24,0.0,0.0,0.0,-0.027694147935008698,0.008134471226317462,-0.035452285665282635,-0.7939093602021654,-0.5914972540511253,-0.5971680470826879
0.26,0.0,0.0,0.0,-0.042108105230173415,-0.0032566316562577108,-0.04629447026095235,-0.6428096347228454,-0.5551619596263271,-0.48484647095412003
0.28,0.0,0.0,0.0,-0.053085482638623144,-0.013664980172190797,-0.05476379071242354,-0.4457301658957517,-0.4663896354499323,-0.36298979736850656
0.3,0.0,0.0,0.0,-0.060251181655885055,-0.02130394654639485,-0.06082503130243966,-0.2965323330132651,-0.2843507686674338,-0.2455886082740708
0.32,0.0,0.0,0.0,-0.06468634103713922,-0.024871460566479563,-0.06464819846114161,-0.13025371724583212,-0.08912008107525923,-0.1407697429428919
0.34,0.0,0.0,0.0,-0.06607444519519184,-0.02582408937704135,-0.06657083747315656,-0.028056127296903377,-0.027856160593925677,-0.055352906528158385
0.36,0.0,0.0,0.0,-0.06486535182223466,-0.0255314388044995,-0.06696437776327047,0.15483926948041732,0.0678851210617889,0.012337568718333802
0.38,0.0,0.0,0.0,-0.06134791997783354,-0.02365332146713979,-0.0661700793645727,0.1791115903251704,0.11397559696213705,0.06458816161654835
0.4,0.0,0.0,0.0,-0.05626859471431697,-0.020473720592427386,-0.0644839354802732,0.3338512442480396,0.19263767891325287,0.10064959400931922
0.42,0.0,0.0,0.0,-0.04947148929225639,-0.017049630789354765,-0.06224440414193805,0.3231395405496481,0.1352692216668669,0.12143560036736528
0.44,0.0,0.0,0.0,-0.0424873172411471,-0.014187954065302287,-0.05966834763330087,0.39708219309769643,0.16923977491756606,0.1345762529109997
0.46,0.0,0.0,0.0,-0.03440639939406215,-0.010767722726586628,-0.05693809423497587,0.3845208256361153,0.15851645176222945,0.13651577220221126
0.48,0.0,0.0,0.0,-0.0271891248588145,-0.00803546240551177,-0.05426382969769644,0.35262611646217673,0.12170615082256533,0.1298658844496124
0.5,0.0,0.0,0.0,-0.02021424928618279,-0.005680292404287756,-0.051790500548100915,0.31948094306045705,0.11817091321332412,0.11639485254183721
0.52,0.0,0.0,0.0,-0.01492428470689891,-0.0034220862712819287,-0.0496431358594317,0.23672685577966457,0.09520160347647365,0.0977235514756901
0.54,0.0,0.0,0.0,-0.01031641356804483,-0.0017933782435146546,-0.04792401458486911,0.2001697529991991,0.04387211824014198,0.07293332078760806
0.56,0.0,0.0,0.0,-0.007899886825825347,-0.0016320222018485105,-0.04674192006926042,0.07691183045637617,-0.02047872714546456,0.04599287018716386
0.58,0.0,0.0,0.0,-0.006442065180786299,-0.0015858966366758126,-0.04609252869495273,0.024681470254532822,-0.0024012180067725375,0.01927192334234923
0.6,0.0,0.0,0.0,-0.007415359036706426,-0.0023011711690775066,-0.04594078930374934,0.0018611334109354116,-0.0522137318593238,-0.0029058487416739887
0.62,0.0,0.0,0.0,-0.00576251835247743,-0.003381987170325937,-0.04614077673442074,0.00014905644632939863,-0.11111176305316109,-0.012132692039701687
0.64,0.0,0.0,0.0,-0.008422667035773962,-0.0058149292439433065,-0.04626287938153373,-0.17960143102921303,-0.1041089988840507,-0.0019294386554586929
0.66,0.0,0.0,0.0,-0.012922939378426632,-0.00804697862233655,-0.04629564213767706,-0.31188285026725293,-0.11463598597989796,-0.0014668994595306017
0.68,0.0,0.0,0.0,-0.01858972526729953,-0.009618211526655897,-0.0463410540383305,-0.17998385130164893,-0.0056040357348322856,-0.0028045568367490725
0.7000000000000001,0.0,0.0,0.0,-0.0226649338937443,-0.010168267368243295,-0.04645846187844377,-0.27048144344681596,-0.0800200010470751,-0.009252526751863055
0.72,0.0,0.0,0.0,-0.024044056253868865,-0.01156134716563599,-0.04663860639115164,0.15245595390301386,-0.04156926027912171,-0.007548158288743112
0.74,0.0,0.0,0.0,-0.02430411817769279,-0.012133968890285316,-0.04667849604258756,-0.13172785945851118,-0.01592447858270004,0.004906595920590506
0.76,0.0,0.0,0.0,-0.022950992551668353,-0.00992477704211489,-0.04645741994254382,0.14055725873889094,0.13733042603724951,0.013867691178301778
0.78,0.0,0.0,0.0,-0.023507667867805226,-0.009318203355619316,-0.04612043877473326,-0.009771122871262694,-0.029372770157430103,0.020904816001603432
0.8,0.0,0.0,0.0,-0.019995965854267717,-0.009698534558944323,-0.045639740296739895,0.07904296692318463,0.04156142677838384,0.027100381983208965
0.8200000000000001,0.0,0.0,0.0,-0.02041672127973329,-0.008126734317696501,-0.04503857985016563,0.042541866591877225,0.18502815682016394,0.03217590867373499
0.84,0.0,0.0,0.0,-0.018355079856942624,-0.004935094249209918,-0.044501657690669716,-0.0164298867885187,0.04275776891050716,0.02031057880393239
0.86,0.0,0.0,0.0,-0.018400191039764757,-0.005327201691258408,-0.04416620275996311,0.15489468693691824,-0.07997401940300732,0.013231491582692767
0.88,0.0,0.0,0.0,-0.016049848512997428,-0.005625101158432334,-0.04396443399491273,-0.010938314419767246,0.03932169229218315,0.006900575058136793
0.9,0.0,0.0,0.0,-0.016233924510994868,-0.0035270762073296817,-0.0438945665239123,0.04928631381775353,0.1679926526830966,-0.0006649746384908006
0.92,0.0,0.0,0.0,-0.015611377816124677,-0.0021257189163990317,-0.04406171878582679,-0.02799909723335941,-0.019975974689083364,-0.013788757611174152
0.9400000000000001,0.0,0.0,0.0,-0.016135679618495297,-0.003915106420060762,-0.0444079900712004,-0.012585226903040134,-0.12935781760367013,-0.02014728283742029
0.96,0.0,0.0,0.0,-0.016911606398955698,-0.0058443553773433535,-0.04483307663240556,-0.07866467654051852,-0.05192365628250778,-0.022088038825119005
0.98,0.0,0.0,0.0,-0.018558403510644722,-0.005788236339593425,-0.04527561435102164,-0.05634137164741532,0.036763067709359276,-0.02155737445866457
1.0,0.0,0.0,0.0,-0.019074869028741975,-0.005907138531614748,-0.04571706590636309,-0.01550282902849412,-0.07278901346657889,-0.023491898628599017
1.02,0.0,0.0,0.0,-0.019474395922091298,-0.008071275371581588,-0.04619482373729926,-0.006094359080357523,-0.12101309668453644,-0.02340188295802692
1.04,0.0,0.0,0.0,-0.018971255444469676,-0.009561818895083726,-0.04659490744752992,0.03468634368077567,-0.017719988495879357,-0.01597942758993387
1.06,0.0,0.0,0.0,-0.018616876540603705,-0.009315121658801488,-0.04683904327760639,0.025742415346428977,0.018877259506066627,-0.008448212221763507
1.08,0.0,0.0,0.0,-0.017027179460875175,-0.009560971442648931,-0.04692202762201497,0.10498423714469064,-0.03892830871409264,0.00015519385797202467
1.1,0.0,0.0,0.0,-0.015169596416909431,-0.010427139553065061,-0.046824051507044606,0.1078353725967053,-0.021877767581528818,0.01028461841380035
1.12,0.0,0.0,0.0,-0.012127418264118367,-0.009898513213577447,-0.04649584919871408,0.16563681943528935,0.05378232660795483,0.021594668505849457
1.1400000000000001,0.0,0.0,0.0,-0.00935748540596959,-0.00948426823499182,-0.04599592536456351,0.11829132391082381,0.0010023473651207052,0.028642372269185312
1.16,0.0,0.0,0.0,-0.0066997461735556485,-0.009623041926214208,-0.04535121421828528,0.13618347799784758,-0.0038407497701618207,0.0355671896994294
1.18,0.0,0.0,0.0,-0.004395283527771271,-0.009177813650864336,-0.044573284941387986,0.09658335446301913,0.05606035588052821,0.04227923543398293
1.2,0.0,0.0,0.0,-0.0024115191666182756,-0.007634595650525955,-0.043675717893356225,0.10962108540131757,0.07792480451744754,0.04718181915246111
1.22,0.0,0.0,0.0,-0.0002448362628898193,-0.006585977956732852,-0.04268490779293893,0.09560620563192188,0.034445543267054776,0.0515862750571241
1.24,0.0,0.0,0.0,0.001939506247147782,-0.005918371548296013,-0.04163738215164625,0.1357593331699006,0.04175111493710354,0.05221327829194622
1.26,0.0,0.0,0.0,0.004504028675552302,-0.004709558533718816,-0.04061143248060334,0.10372450732863372,0.07886779577640043,0.05020497468045737
1.28,0.0,0.0,0.0,0.006449360273031002,-0.003144802774227891,-0.03964169983060978,0.1143142557806652,0.061606903205765104,0.046388495851776845
1.3,0.0,0.0,0.0,0.00870414601738781,-0.0024013782040060213,-0.03875642189480383,0.09206395725044705,0.02139091540927658,0.04231096003366619
1.32,0.0,0.0,0.0,0.010134830550884807,-0.0019020352960816174,-0.03794168691170158,0.07646483492469996,0.0346015311806849,0.03958760279952733
1.34,0.0,0.0,0.0,0.01174541547251802,-0.0010497030087689117,-0.037165922856781,0.06833735716465547,0.02816753923288777,0.03757619343874263
1.36,0.0,0.0,0.0,0.012615827167273191,-0.0009072160741844682,-0.03643387191728659,0.02630577786389221,-0.0027448774651025465,0.03589299258466849
1.3800000000000001,0.0,0.0,0.0,0.013132743663239438,-0.0010070667892637698,-0.03572617133270389,0.024625055843776222,0.0015617989955982181,0.035107382799147935
1.4000000000000001,0.0,0.0,0.0,0.013248793124294167,-0.000656281756969166,-0.035023569449220915,-0.010214311303634288,0.032815172984727636,0.03510477239715992
1.42,0.0,0.0,0.0,0.013462934604137944,-6.616251836709386e-05,-0.034347514884580876,0.024885646873712995,0.017989146908910264,0.032273472214436216
1.44,0.0,0.0,0.0,0.01357121448054932,-2.7875472101486498e-05,-0.03371436772151798,-0.011626387895197885,-0.004621126750701407,0.03130014181378049
1.46,0.0,0.0,0.0,0.014162146382512245,-2.347688382964286e-05,-0.033105969729552875,0.057417192048398576,0.0063924169743042325,0.02971771660154779
1.48,0.0,0.0,0.0,0.014892283688226315,0.00018570739024938165,-0.03250959028969458,0.01710009992860073,0.007940502481713463,0.03009394275923763
1.5,0.0,0.0,0.0,0.01603904262943423,0.00012839934081594617,-0.03192460686042026,0.08397270717785407,-0.00941349641060557,0.028601731047207413
1.52,0.0,0.0,0.0,0.017149333440073425,8.244180842978399e-05,-0.03134657923233991,0.021926347326897674,0.008075786834750173,0.02946373754121226
1.54,0.0,0.0,0.0,0.018363459419935446,0.0004515158487344226,-0.030762454341706436,0.09496925664144677,0.02156533533631666,0.028967396865959782
1.56,0.0,0.0,0.0,0.01982142572224653,0.0007250637445731511,-0.030161623635423962,0.03946869193210771,0.004217190926812109,0.031656404643935654
1.58,0.0,0.0,0.0,0.02109529009830123,0.0006521509924788879,-0.029510673687545397,0.10077663125653956,-0.0050361427160768545,0.03314499057380149
1.6,0.0,0.0,0.0,0.02276195574883501,0.000725375164945842,-0.02881816722491687,0.047265496540794066,0.015140118482528928,0.036481784795729055
1.62,0.0,0.0,0.0,0.023875062020475013,0.0012282266236992995,-0.028073161839321736,0.09104449780064633,0.028246107813439766,0.0370500680497311
1.6400000000000001,0.0,0.0,0.0,0.02556995482750757,0.0017268734928044885,-0.02732408747799492,0.054818836001706894,0.02050393634395821,0.03849101550913414
1.6600000000000001,0.0,0.0,0.0,0.026525293983355777,0.0020622204031825395,-0.02653844227250529,0.07766811413939881,0.014291443192360651,0.03912017236404974
1.68,0.0,0.0,0.0,0.028167692050444185,0.0023767391012378333,-0.025751783986203536,0.0584667927037467,0.019562460081502742,0.04013967817075825
1.7,0.0,0.0,0.0,0.028961789950263814,0.0028845736422701343,-0.024933145845477622,0.05990155709379815,0.030466741899931836,0.04056414711331069
1.72,0.0,0.0,0.0,0.030475579953954973,0.0035021957472205767,-0.024136206646032776,0.06360629330366122,0.03084033474099358,0.03976390112877404
1.74,0.0,0.0,0.0,0.031194111224644328,0.004072545559064986,-0.023330871611839832,0.03571934605115555,0.02367574753884589,0.039992344775794164
1.76,0.0,0.0,0.0,0.03226229121286503,0.004490323562287672,-0.022553196093350714,0.048326395509230194,0.019713733637783976,0.038327548722223215
1.78,0.0,0.0,0.0,0.0326542238882085,0.004936831247810282,-0.0217811293717608,0.010890574703886602,0.029947046581099916,0.03859319714218912
1.8,0.0,0.0,0.0,0.033385687936327416,0.005637606291646793,-0.021027643402287244,0.04555334332262219,0.03626769406626466,0.03703431940563062
1.82,0.0,0.0,0.0,0.03391188954483505,0.006252802400931443,-0.020298092226803732,0.006128181310472436,0.023742215227835442,0.03597441608529994
1.84,0.0,0.0,0.0,0.03406685236489332,0.006705647034340987,-0.019590872361923167,0.010464916115247386,0.02607409761711344,0.03472058860663951
1.86,0.0,0.0,0.0,0.034021563417922535,0.007281072145682407,-0.01890003576251778,-0.015735191167496776,0.030069058436543283,0.03449564458862042
1.8800000000000001,0.0,0.0,0.0,0.03401467770549692,0.007818801381171431,-0.018221508491527733,0.013303648239890747,0.02376337774034845,0.03331758452430411
1.9000000000000001,0.0,0.0,0.0,0.03419266221491937,0.008241614660581466,-0.017578520865221825,0.0006511951124439364,0.02040281071383372,0.030515142951087038
1.92,0.0,0.0,0.0,0.03399538092562482,0.008773349901723529,-0.017007900834298165,-0.021812578580247877,0.03186561527816721,0.02666480218137779
1.94,0.0,0.0,0.0,0.03347391611477363,0.00940062293806294,-0.01650719676019706,-0.01480186758081728,0.026298212810890363,0.023359647987884147
1.96,0.0,0.0,0.0,0.03332983273528696,0.009729676735805184,-0.016074762161199893,-0.008264391190319471,0.0042977594223361434,0.019605870115277257
1.98,0.0,0.0,0.0,0.032998475448615325,0.009769526267751561,-0.01573245466944083,-0.02470262788506608,0.011519829903088037,0.014765604164945545
2.0,0.0,0.0,0.0,0.032168109630530614,0.010152951863053844,-0.015471420191457055,-0.05567464223156349,0.027435198655212392,0.011486848314080644
2.02,0.004513968391740228,0.0,0.0,0.04136061145439533,0.010349907363974429,-0.015296885275973823,0.7954670559045333,0.0011901157486536723,0.007877628228972533
2.04,0.03128539338635181,0.0,0.0,0.06253284965842652,0.008416239387085116,-0.015046058212384375,1.704686999910695,-0.0887993245376237,0.014296615415429814
2.06,0.0905644194719992,0.0,0.0,0.11367889126192997,0.009804706787468498,-0.01484866340858551,3.1711807986702203,0.12415645039436993,0.0041778951323678815
2.08,0.18205818537759197,0.0,0.0,0.18553889163012866,0.011419679207220087,-0.014903687884647729,4.174893407788103,0.07626069652113822,-0.014423013680908925
2.1,0.29774229227525273,0.0,0.0,0.2787820651960914,0.0168328412375258,-0.015566584600323397,5.026524821770986,0.43042324750664945,-0.0540903853030561
2.12,0.42467227198278523,0.0,0.0,0.3856405453718829,0.0252395958674918,-0.017036279950373573,5.6435460097832255,0.3804620300348751,-0.09092513542193759
2.14,0.5477950551661425,0.0,0.0,0.5028708009059241,0.031922473945756785,-0.018766878923457214,6.070661441010206,0.28382939967780374,-0.06946121582246856
2.16,0.6527604395418941,0.0,0.0,0.6244521906027437,0.034640533314418694,-0.01925700458856583,5.973673156236762,-0.03373441616181838,0.031507513239122265
2.18,0.728732558079694,0.0,0.0,0.7412217870107769,0.03311112948772984,-0.017394719363706013,5.674286162732573,-0.06124750121398162,0.15373651203844974
2.2,0.7712013472047513,0.0,0.0,0.8457461490664024,0.03784387778189881,-0.013057726996943186,4.829138310439835,0.2809603439265701,0.31336741009307445
2.22,0.784794015000295,0.0,0.0,0.9182750318960117,0.05287282988482789,-0.007879807310547549,0.3688580428941501,0.5688519300041044,0.3357244307364654
2.24,0.7853981633974483,0.0,0.0,0.8913377697154778,0.0423218967732499,0.002145250981976543,-2.324851039854372,-1.3571911587587364,0.5887066630871377
2.2600000000000002,0.7853981633974483,0.0,0.0,0.8554423996751097,0.023332241208939196,0.011395780261659605,-0.9201434438329466,0.045187554356709625,0.31457122048088737
2.2800000000000002,0.7853981633974483,0.0,0.0,0.8474942434065806,0.032413406276946916,0.01784909665062262,-0.06326789251482079,0.8147156524042114,0.34653672775760447
2.3000000000000003,0.7853981633974483,0.0,0.0,0.8519902478995909,0.04093542694291708,0.025959865340182187,0.482578530713879,-0.012359364739431833,0.43063938688281583
2.32,0.7853981633974483,0.0,0.0,0.8634875646600438,0.03772060262493394,0.033632352942231436,0.5941538764443317,-0.21064907457559734,0.32231168543601296
2.34,0.7853981633974483,0.0,0.0,0.8733277989228789,0.03815924183420479,0.03845222090265754,0.36137304670921677,0.20106340847972695,0.1764085084958278
2.36,0.7853981633974483,0.0,0.0,0.8775927806159212,0.04233106027958775,0.041213163576331535,0.09044431054140765,0.15190643626663494,0.10519671635371886
2.38,0.7853981633974483,0.0,0.0,0.8785938110882496,0.041771644336881575,0.04265455969356263,0.018272760717452746,-0.16948433263148333,0.029698149069731672
2.4,0.7853981633974483,0.0,0.0,0.8783422887093517,0.03802146223142492,0.04205709100880023,-0.03790197032280801,-0.14945993142215824,-0.09169517266983657
2.42,0.7853981633974483,0.0,0.0,0.8770832973490604,0.036718004731143394,0.03910475750428383,-0.09141236037469348,-0.004966087416110321,-0.1943858540729414
2.44,0.7853981633974483,0.0,0.0,0.8749284308442911,0.03598569124436374,0.03462042233153123,-0.10806325000132094,-0.11576529570168004,-0.24701994183509995
2.46,0.7853981633974483,0.0,0.0,0.8728196446223152,0.032457272440304274,0.029221713582144815,-0.10454649250085249,-0.2075794080508635,-0.2933478368694198
2.48,0.7853981633974483,0.0,0.0,0.870688956060836,0.02858397411402925,0.022927726212168764,-0.11328817638616545,-0.16752306347787668,-0.3326971381827324
2.5,0.7853981633974483,0.0,0.0,0.8681805192738923,0.025499440369531785,0.01609171631669576,-0.13230106817933263,-0.1628215007046549,-0.34541172297207595
2.52,0.7853981633974483,0.0,0.0,0.8656361503665617,0.021696418639345252,0.009258610437337778,-0.119285551152983,-0.20881004758592753,-0.3361240609815124
2.54,0.7853981633974483,0.0,0.0,0.8634514656032558,0.01744333960815129,0.0027210361628696167,-0.1000352170530394,-0.2070085632248853,-0.3161513617308098
2.56,0.7853981633974483,0.0,0.0,0.8616448471164002,0.013607364410360832,-0.003298841255035767,-0.07994405228325388,-0.17697649148045821,-0.2838142904740932
2.58,0.7853981633974483,0.0,0.0,0.860303486402835,0.010301342920620453,-0.008552024996136554,-0.05248865070730297,-0.15753025082348263,-0.2403572523253258
2.6,0.7853981633974483,0.0,0.0,0.8596332433330032,0.00729038127356442,-0.012867936367476407,-0.013799949110311576,-0.14070008859498362,-0.19130209349181365
2.62,0.7853981633974483,0.0,0.0,0.8597486069499914,0.004810944751453182,-0.016203734879280562,0.023950081599059286,-0.10338591183619489,-0.1435106552534235
2.64,0.7853981633974483,0.0,0.0,0.8605496923821498,0.0030370393471397597,-0.01861940138769569,0.055375169468693294,-0.07581584986551765,-0.09908736244832517
2.66,0.7853981633974483,0.0,0.0,0.8619470383715966,0.0017362331265960013,-0.02019434336508885,0.08262648197373537,-0.05522932670484902,-0.05972915891147945
2.68,0.7853981633974483,0.0,0.0,0.8637519438750876,0.0009323884464197824,-0.02106778272679416,0.09576487253686466,-0.030030176137159692,-0.028836446158625795
2.7,0.7853981633974483,0.0,0.0,0.8657588644814806,0.00045490530514931404,-0.021389580679756826,0.10486359735416939,-0.01850528281940142,-0.004673049430911513
2.72,0.7853981633974483,0.0,0.0,0.8678899400726431,0.00018794053396545968,-0.021301943422844583,0.10523485838050062,-0.002389192295302184,0.011334487171366092
2.74,0.7853981633974483,0.0,0.0,0.8699451346544524,0.00024195514770763982,-0.02097962217257865,0.10166725558213488,0.004844163943881569,0.01983351771190045
2.7600000000000002,0.7853981633974483,0.0,0.0,0.8719709602793537,0.00032787962729120823,-0.020545166090057243,0.0993349939830509,0.0022642503243834045,0.022851550625635708
2.7800000000000002,0.7853981633974483,0.0,0.0,0.8738359092754762,0.0005677280216565689,-0.02012079785624643,0.08805373124535307,0.018953834372974085,0.018736561391202278
2.8000000000000003,0.7853981633974483,0.0,0.0,0.8755575000350952,0.0008909234343177815,-0.01982086648612652,0.08381582006332111,0.011359407130636337,0.010652944474937476
2.82,0.7853981633974483,0.0,0.0,0.8771112667634404,0.001061946398910385,-0.019728408414997956,0.0693495738949601,0.01543564553184952,-0.0029282717154317517
2.84,0.7853981633974483,0.0,0.0,0.8783438025254013,0.0014271144370305265,-0.01996259558898439,0.05569702373352296,0.01532423208830773,-0.020302093458344217
2.86,0.7853981633974483,0.0,0.0,0.879403354239582,0.0015197734688079893,-0.02053696076734024,0.04911421893161747,-0.0071244305300818475,-0.03714242946812951
2.88,0.7853981633974483,0.0,0.0,0.8802088297431958,0.0014886575621794497,-0.021502305712853387,0.032484909259068655,0.0007758114713256326,-0.05930136491546123
2.9,0.7853981633974483,0.0,0.0,0.880784345722758,0.0013860941489906853,-0.022896760327440452,0.026867905657008584,-0.015474602186999566,-0.07915633030238634
2.92,0.7853981633974483,0.0,0.0,0.8812580814940041,0.0007947583802456679,-0.024653893361528137,0.017423028292755532,-0.028396936018567007,-0.09805228648613418
2.94,0.7853981633974483,0.0,0.0,0.8815174629070661,0.00020832411627025142,-0.026818541553008918,0.010753012368800781,-0.034818156199656496,-0.11745407684409992
2.96,0.7853981633974483,0.0,0.0,0.881754830756952,-0.0008143357562139398,-0.02930134830342411,0.01262171756552752,-0.07005625790399259,-0.1295967052255078
2.98,0.7853981633974483,0.0,0.0,0.8819205339958958,-0.0020882849585340396,-0.03204165627291075,0.004512390500009364,-0.06141303726223096,-0.1435676121862146
3.0,0.7853981633974483,0.0,0.0,0.8819986544235416,-0.0034353379604856564,-0.03500293375416868,0.006709550278436187,-0.07890532603487384,-0.15076617748554222
3.02,0.780884195005708,0.0,0.0,0.881133833667443,-0.0050571948732232724,-0.03803605084593904,-0.14272878368317393,-0.06710260356184937,-0.1521798289268661
3.04,0.7541127700110964,0.0,0.0,0.8676284327688958,-0.005032198953922262,-0.0408666763621653,-1.1355459761084268,-0.12811818986164628,-0.08889703907372315
3.06,0.694833743925449,0.0,0.0,0.835987942993935,-0.0011720150996966101,-0.04182078798062597,-2.0635189743377857,0.23423965762631072,0.04172593924788259
3.08,0.6033399780198563,0.0,0.0,0.7868855732404669,0.0010986565075847186,-0.0390429790598707,-2.8037540395444775,0.1345076606063681,0.21257264475431992
3.1,0.48765587112219555,0.0,0.0,0.7254306941047626,0.0038381514667745224,-0.03353847533984004,-3.30092013196335,0.14067280463501308,0.3296551106298604
3.12,0.36072589141466305,0.0,0.0,0.6559582781816866,0.009793271320422754,-0.025983222562405178,-3.6840333706413464,0.4438224254665421,0.43533493669123113
3.14,0.23760310823130582,0.0,0.0,0.5767747951430765,0.01980113125733651,-0.016226138959225755,-4.227446919979116,0.5833840689466431,0.523683092920908
3.16,0.13263772385555417,0.0,0.0,0.48687505692848976,0.0297976393045601,-0.005538105672927202,-4.748142201473027,0.4641523395254056,0.5184408600226214
3.18,0.05666560531775433,0.0,0.0,0.3934344971703923,0.03910798802719644,0.0035050853033992135,-4.5600702660002135,0.4947300165072258,0.3787388273269079
3.2,0.01419681619269697,0.0,0.0,0.3131108454104485,0.048781974343219806,0.009330281405621033,-3.5497482341108704,0.361408714694086,0.1922599605957318
3.22,0.0006041483971532813,0.0,0.0,0.25638593774895385,0.05064918632984108,0.011064530983796228,-2.133841197038608,-0.11810500909227657,-0.02096503928169846
3.24,0.0,0.0,0.0,0.21861179179885873,0.04886857463948652,0.008640233619453264,-1.7735050179254817,0.006335762755196317,-0.2087918884911626
3.2600000000000002,0.0,0.0,0.0,0.18746350885709295,0.05034924917726953,0.0033821717699457077,-1.3019397785086857,0.05127295907271645,-0.29888897419363825
3.2800000000000002,0.0,0.0,0.0,0.16240236273292638,0.04573256322649675,-0.002776621981905425,-1.2424453473803643,-0.4473690032443803,-0.3053685823486435
3.3000000000000003,0.0,0.0,0.0,0.14104033240452096,0.03397986422524951,-0.008454067446392932,-0.9604724789814693,-0.6059476318825789,-0.26175832122850473
3.3200000000000003,0.0,0.0,0.0,0.11912885092186677,0.026038788589591057,-0.013235331842764153,-1.0423263395634184,-0.21609023920588066,-0.21180948872143313
3.34,0.0,0.0,0.0,0.10455191337751486,0.025034089564941558,-0.01695440121912667,-0.766047599909506,-0.03306560790954119,-0.1639103700607819
3.36,0.0,0.0,0.0,0.09031682048447831,0.02266715663707819,-0.01961586865856929,-0.3444058873423891,-0.3053517417884552,-0.09899328681266417
3.38,0.0,0.0,0.0,0.08406043805629788,0.017912550767889286,-0.021140093885847977,-0.5886116074559159,0.05201619128362756,-0.054624517760903823
3.4,0.0,0.0,0.0,0.0771813273466688,0.02115983322350199,-0.02168164984350629,0.07587627165930833,0.34306156046545344,-0.010363048255977558
3.42,0.0,0.0,0.0,0.07406323025803611,0.02501293096331368,-0.02194201802994744,-0.1976732451137529,0.04980592563716568,-0.0065726155679367015
3.44,0.0,0.0,0.0,0.07458256263866817,0.021968335037130658,-0.021786412420778167,0.010915914402194152,-0.12377990495299226,0.01900828951896044
3.46,0.0,0.0,0.0,0.0715374846712861,0.023054671348415823,-0.020928676920234923,-0.14921005026490383,0.12174596978151314,0.0694891261514608
3.48,0.0,0.0,0.0,0.06894182679529792,0.02755017398344773,-0.019208990837387252,-0.2061694411573172,0.18139740992468245,0.09661222661329093
3.5,0.0,0.0,0.0,0.06496253134885588,0.028971418800437545,-0.017099343098153696,-0.16028366123145393,-0.0807817997050343,0.11268299205492288
3.52,0.0,0.0,0.0,0.06045220595033216,0.026930770215071294,-0.014799913695542066,-0.3075257408804754,-0.057479726193253894,0.11663599765940448
3.54,0.0,0.0,0.0,0.05496620743250613,0.027742935265114635,-0.012469840411524546,-0.20924439382907237,0.16127066249858013,0.11295011440030542
3.56,0.0,0.0,0.0,0.050788850740899075,0.03165344757153035,-0.010385017658462059,-0.21541300007439756,0.15901724437070977,0.09463545940742046
3.58,0.0,0.0,0.0,0.047411307729377,0.032374252103885844,-0.008708395646698452,-0.1480675602919429,-0.05800785851162429,0.07248675918588104
3.6,0.0,0.0,0.0,0.04317098282957431,0.030258492571545833,-0.007486027271237927,-0.2516511816385377,-0.09951093352703341,0.05108569701036092
3.62,0.0,0.0,0.0,0.039233285391829006,0.029382696731800807,-0.006640150407632606,-0.16011622398891132,0.000150220383588473,0.03319722274321768
3.64,0.0,0.0,0.0,0.03571387892354952,0.029722955561802884,-0.0061599370296927525,-0.17765772149708656,-0.004389155196665689,0.01578374470670263
3.66,0.0,0.0,0.0,0.033100787290521835,0.028013438416126416,-0.006001971027562891,-0.13397273066948306,-0.15393503501670164,0.00024915385961443715
3.68,0.0,0.0,0.0,0.029455712654007565,0.024922139170609002,-0.006083189890984497,-0.17924693212430695,-0.10151807118147893,-0.005349167933928478
3.7,0.0,0.0,0.0,0.02701550659090736,0.023718567915814233,-0.006157573217423884,-0.13239194537107438,-0.036527042669134396,-0.0014764315703252873
3.72,0.0,0.0,0.0,0.023017983562962682,0.022136139285612345,-0.0061157283692553355,-0.15575392591811837,-0.11921857127360455,0.00561588880345365
3.74,0.0,0.0,0.0,0.0208476797032284,0.019258026533278592,-0.005982519960254673,-0.2959075552382398,-0.11236819674986588,0.006103526005872828
3.7600000000000002,0.0,0.0,0.0,0.017632160066721636,0.01834413934057951,-0.005850037704747124,0.26910502708930123,0.0787227997554032,0.004438119390254069
3.7800000000000002,0.0,0.0,0.0,0.018753529223573373,0.01871745502562997,-0.0059802422809553946,-0.17147439013078214,-0.07650981493057483,-0.013626768815241164
3.8000000000000003,0.0,0.0,0.0,0.021592262717183217,0.015181816949783383,-0.006272388329215561,0.32320231065347615,-0.16731588943909934,-0.014934689544219948
3.8200000000000003,0.0,0.0,0.0,0.022909157229098462,0.013253588156409656,-0.00635412802097246,-0.059121114814943546,-0.019261717183053695,0.009865382817032753
3.84,0.0,0.0,0.0,0.019932983283433042,0.013421751150923072,-0.005920241966013318,-0.3045273800139759,-0.024800954098212688,0.03348535689416199
3.86,0.0,0.0,0.0,0.01268052645658116,0.011623901397356005,-0.005030752662144422,-0.35588495228316913,-0.14661731167266343,0.05211445554128402
3.88,0.0,0.0,0.0,0.005643905788579401,0.00887780231785696,-0.003940358586116882,-0.35128070823974245,-0.09175609190065645,0.05448359505398037
3.9,0.0,0.0,0.0,-0.0004951778640858023,0.009017655675919743,-0.0029653243639143623,-0.2732755305301685,0.08783215379091083,0.04114335489108245
3.92,0.0,0.0,0.0,-0.005864929438125804,0.011095234623306381,-0.0023345025902662825,-0.2364739943667754,0.06900074254446817,0.02098864522878907
3.94,0.0,0.0,0.0,-0.009495468185871159,0.01115816030972974,-0.0021240593164741917,-0.15912352758926757,-0.04811573735075866,0.0012405325682498525
3.96,0.0,0.0,0.0,-0.012783526381943189,0.00991169741001401,-0.0022555740948304107,-0.13871272829704,-0.03164102332757274,-0.013803734635414955
3.98,0.0,0.0,0.0,-0.01469342033222551,0.010179526318238326,-0.002647869398249028,-0.08076203274411103,0.03490221176770526,-0.024765272060149
4.0,0.0,0.0,0.0,-0.016303666808568373,0.010299186633359454,-0.003228151740222765,-0.05864489884435575,-0.042995317521363347,-0.03244554575651981
4.0200000000000005,0.0,0.005229006438975353,0.0,-0.01553125310202677,0.020985435879246818,-0.0036617665669173294,0.008773781105789635,0.8980273543018924,-0.017071195461723532
4.04,0.0,0.035381314596429125,0.0,-0.020322806099892482,0.053834533570614775,-0.0039675218901752685,-0.14453026773043887,2.393023111262661,-0.018723202391540905
4.0600000000000005,0.0,0.09961990304533437,0.0,-0.02039999596694672,0.1094913795644083,-0.004687625771850473,-0.24421159509594323,3.1734536574788783,-0.05536981198984914
4.08,0.0,0.19391306121357832,0.0,-0.024206884752226432,0.1780896068964672,-0.006385554288728099,0.12009060488676493,3.8337265212285825,-0.12250796230264283
4.1,0.0,0.3054326190990056,0.0,-0.02392398638079485,0.2581985446253311,-0.009817969943155896,-0.23049163303512687,4.136408924611992,-0.21579089551870356
4.12,0.0,0.4169521769844379,0.0,-0.02616736156897384,0.3405003213095747,-0.014755457561297064,0.08254853511942087,4.050136025000892,-0.2773871867164819
4.14,0.0,0.5112453351526817,0.0,-0.026591153970963816,0.41457969336521544,-0.02106778775091761,-0.11546357363403348,3.312337533897016,-0.3464324171341808
4.16,0.0,0.5754839236015862,0.0,-0.021002835141946258,0.46598291059297814,-0.02774218533073458,0.5069853605466339,2.0499702713851096,-0.31530676520058454
4.18,0.0,0.6056362317590389,0.0,-0.017515638018071822,0.5020534389895404,-0.03321853108820111,-0.08407111634443645,1.543474690055807,-0.20262402189263873
4.2,0.0,0.6108652381980153,0.0,-0.024674380916006794,0.5395778115481513,-0.03576862048290963,-0.6345494219626672,1.5986466110768736,-0.08103737252332555
4.22,0.0,0.6108652381980153,0.0,-0.041749749305419664,0.5614156730930367,-0.03561632280191329,-1.0943167119976764,1.5468006316646994,0.1368040947142919
4.24,0.0,0.6108652381980153,0.0,-0.06215583318526402,0.5977602363778137,-0.0306228905466443,-0.628950228730021,1.2311099947455388,0.32474161685211655
4.26,0.0,0.6108652381980153,0.0,-0.06968691130188151,0.6031574740370733,-0.02432670643113949,-0.21329711383577699,-0.22854194580905673,0.31070303848851855
4.28,0.0,0.6108652381980153,0.0,-0.07043722031580008,0.6095461481222352,-0.017378958857393767,0.08090347615379945,0.8041562191184352,0.36414478086579605
4.3,0.0,0.6108652381980153,0.0,-0.06921763502572814,0.6228254740431542,-0.011042743629131269,0.08983509975993392,0.31394690410558973,0.2598975729675451
4.32,0.0,0.6108652381980153,0.0,-0.0636258953460638,0.622947499042881,-0.006817502597988356,0.438938780491682,-0.060084452543196706,0.17248201054564105
4.34,0.0,0.6108652381980153,0.0,-0.05656534342363306,0.6269283966088096,-0.00398888894980165,0.23774167822182252,0.3599102708872992,0.11210295766284994
4.36,0.0,0.6108652381980153,0.0,-0.05237370722798901,0.631517743967136,-0.0023360162832944953,0.2206355339276764,0.011923405871131831,0.0500393003904025
4.38,0.0,0.6108652381980153,0.0,-0.04723734586947767,0.6292523910409715,-0.0018408900197918743,0.26456697557060127,-0.062146458627669654,0.013077030258946798
4.4,0.0,0.6108652381980153,0.0,-0.043363896752661474,0.6311012572948628,-0.001568915601420251,0.11376601740681544,0.15471045136040817,0.011350122992136225
4.42,0.0,0.6108652381980153,0.0,-0.04184551841594816,0.6319153842936919,-0.0015087126829570474,0.07943673456452965,-0.10609752483069361,-0.005603318155979087
4.44,0.0,0.6108652381980153,0.0,-0.039610476365324915,0.6294025593932514,-0.0016522554728992112,0.10691298160080946,-0.03488545989601473,-0.0049113761149333635
4.46,0.0,0.6108652381980153,0.0,-0.03861144353928728,0.6303875594669875,-0.0017367135202634443,0.004055432504607243,0.0604517172706033,-0.006419055448718375
4.48,0.0,0.6108652381980153,0.0,-0.03823535466650271,0.6297077810544475,-0.00199444748072114,0.056303730789280595,-0.13078976930181585,-0.020566879300568053
4.5,0.0,0.6108652381980153,0.0,-0.036975140452928906,0.6276016340206023,-0.002533406951633399,0.04095014817477123,-0.024822695415426144,-0.031312467231110745
4.5200000000000005,0.0,0.6108652381980153,0.0,-0.036759729698497834,0.6277397290019826,-0.003272201374426964,-0.005940881348299634,-0.010343484962282459,-0.04450985461754367
4.54,0.0,0.6108652381980153,0.0,-0.0365763577430962,0.6260932221408823,-0.004373256012943083,0.030389772211132912,-0.13843349174113867,-0.0651696782640441
4.5600000000000005,0.0,0.6108652381980153,0.0,-0.03615216200905974,0.6240491635593662,-0.005818415378565478,0.0001487698368413913,-0.04835460628169699,-0.07769470469289633
4.58,0.0,0.6108652381980153,0.0,-0.03651361325428332,0.6232594698793427,-0.007499188380347688,-0.025800612340354447,-0.06056179717757317,-0.09115608437649747
4.6000000000000005,0.0,0.6108652381980153,0.0,-0.03682054779616167,0.6211528125068929,-0.009475062937848222,-0.003961512535725659,-0.13279261563196373,-0.1052208469683601
4.62,0.0,0.6108652381980153,0.0,-0.03717927517118583,0.6190707502332702,-0.011665356369423396,-0.037311897304766375,-0.06988395804167082,-0.1129116838727312
4.64,0.0,0.6108652381980153,0.0,-0.03804483002896575,0.6177680295958612,-0.013977492409504633,-0.041042697177661694,-0.07845317706115083,-0.11852095024704867
4.66,0.0,0.6108652381980153,0.0,-0.03868747543937709,0.6156813194954835,-0.016409088583847986,-0.02600524521354667,-0.11782664887112225,-0.1237778678606668
4.68,0.0,0.6108652381980153,0.0,-0.039418086040464734,0.6137408635009758,-0.018908373169271298,-0.042375560285672215,-0.07373984321212897,-0.12470175796463723
4.7,0.0,0.6108652381980153,0.0,-0.04018544925948894,0.6124127266618975,-0.021376369949085094,-0.03284435682659593,-0.0719303921798751,-0.12259966537672573
4.72,0.0,0.6108652381980153,0.0,-0.04071828464762908,0.6106980216178857,-0.023812584722071983,-0.022352355901489,-0.09166624559950923,-0.1205309392700964
4.74,0.0,0.6108652381980153,0.0,-0.04111018455083418,0.609161766307623,-0.02615870399935588,-0.016068712238639857,-0.05765109685838657,-0.11293132282139984
4.76,0.0,0.6108652381980153,0.0,-0.04135424069240751,0.608207299695946,-0.028306893313620463,-0.00835682925585704,-0.0460514631772219,-0.10195266173913975
4.78,0.0,0.6108652381980153,0.0,-0.04151085910939295,0.6071799645964483,-0.030263624462126326,-0.005129652192989317,-0.05359757130306228,-0.09388654115046324
4.8,0.0,0.6108652381980153,0.0,-0.04136812036794718,0.606270574283504,-0.03204220673991903,0.020823743751932675,-0.0341118183684197,-0.08380871218402275
4.82,0.0,0.6108652381980153,0.0,-0.0408078320434854,0.6057779786701409,-0.03363201500755658,0.028508998793960412,-0.017661290769258417,-0.07624110288769659
4.84,0.0,0.6108652381980153,0.0,-0.04019537353453803,0.6054833642474325,-0.03509627540823576,0.04159430852049249,-0.01388730186090225,-0.06915539167852436
4.86,0.0,0.6108652381980153,0.0,-0.03905177492249945,0.6051925771476754,-0.03639036460492992,0.06801750028278751,-0.01413986424268085,-0.0608435739097728
4.88,0.0,0.6108652381980153,0.0,-0.03774802169689068,0.605085915425202,-0.037551153473354276,0.061253482337754586,0.005520855458801949,-0.055322735673829504
4.9,0.0,0.6108652381980153,0.0,-0.03634718739021575,0.6052973259426988,-0.03857399504578668,0.0837018702430197,0.0104378490815966,-0.04650677251470059
4.92,0.0,0.6108652381980153,0.0,-0.03451915411149847,0.6054431761617795,-0.03942734082452,0.09068432803143571,0.0086700254008387,-0.03973135390445304
4.94,0.0,0.6108652381980153,0.0,-0.032791727091195405,0.6057678167909823,-0.04016624419066013,0.08858659560538344,0.0248464358551109,-0.033376068590473595
4.96,0.0,0.6108652381980153,0.0,-0.03078254127357699,0.6063353388421477,-0.040737801265899584,0.10946958776962158,0.028096161897851118,-0.024218506468489664
4.98,0.0,0.6108652381980153,0.0,-0.028722939223785993,0.6068889939382545,-0.04117241065096905,0.09519192052216865,0.029905606651624977,-0.01930174621379277
5.0,0.0,0.6108652381980153,0.0,-0.02669530479760107,0.6075664087419526,-0.04147153262500618,0.11309578466439363,0.0364773057971123,-0.009965820755995614
5.0200000000000005,0.0,0.6056362317590399,0.0,-0.021481445373635416,0.6016966990717421,-0.04114670376636012,0.3210300675706581,-0.6207525511686373,0.03748605961991003
5.04,0.0,0.5754839236015862,0.0,-0.014362186588225884,0.5732965864291066,-0.03963193703157522,0.3860509156300748,-2.136135726155145,0.1294678800026383
5.0600000000000005,0.0,0.5112453351526809,0.0,-0.007704234122174247,0.5199356583569433,-0.035935615140224225,0.24009005325775284,-3.15061438962894,0.23703565942132698
5.08,0.0,0.416952176984437,0.0,-0.0022215979142643227,0.44863668820199404,-0.03007773905924481,0.35079722963277754,-4.015360425698954,0.34326320364805873
5.1000000000000005,0.0,0.3054326190990046,0.0,0.002778769052208141,0.3622358035482795,-0.022960044662823614,0.12821642878662,-4.579849292093316,0.3595661373822878
5.12,0.0,0.19391306121357738,0.0,0.005568330844218206,0.27175497468505766,-0.015820174349644417,0.18551699167439376,-4.3250889115343805,0.34724989260831696
5.14,0.0,0.09961990304533364,0.0,0.010003213295511793,0.19658196241033984,-0.009861206101248632,0.22139380933530126,-3.177890139823668,0.23399969164035128
5.16,0.0,0.035381314596429125,0.0,0.021027080241284857,0.1573860109241673,-0.005617932045351881,0.8142312274646439,-1.1865763194850312,0.17264441668099062
5.18,0.0,0.005229006438976391,0.0,0.03199888778046883,0.13225751981631628,-0.0038786518659010283,0.3850583057049391,-1.3014902618419677,0.024240397314676088
5.2,0.0,0.0,0.0,0.04114398116920484,0.10099093568870711,-0.004018322350612558,0.3477884165496336,-1.5131747026125315,-0.042838922756777364
5.22,0.0,0.0,0.0,0.04513410928496417,0.07428690476553493,-0.005110958782413966,0.195446506915618,-0.9274309801873032,-0.04726377723423458
5.24,0.0,0.0,0.0,0.04817589640118536,0.060261657076650585,-0.005974183231625629,0.06388136263656174,-0.56720947382164,-0.04157472157571629
5.26,0.0,0.0,0.0,0.04923836178193433,0.046903315816425775,-0.006698986722041944,0.06897797836773162,-0.7996640305525244,-0.030513930573864645
5.28,0.0,0.0,0.0,0.049556008697344806,0.03085596758324522,-0.007201716882929865,-0.05268328789966892,-0.7663964397634625,-0.01805448709742774
5.3,0.0,0.0,0.0,0.04804534751527301,0.01864360407371344,-0.007357134757697559,-0.07635333596360433,-0.45751397522100307,0.0019949740592455356
5.32,0.0,0.0,0.0,0.04627985936146484,0.011906565882060904,-0.007166090858087448,-0.10664195770894791,-0.25169681668327615,0.015917736616974043
5.34,0.0,0.0,0.0,0.044561934048480245,0.006707769488752412,-0.006749109364561634,-0.0529770179090438,-0.29251369907327546,0.024652124290066246
5.36,0.0,0.0,0.0,0.04346353903872893,0.00041036462259925674,-0.006213972648772825,-0.07411369659146744,-0.3194670526968421,0.02835844731131909
5.38,0.0,0.0,0.0,0.041929543972952704,-0.005034031779169183,-0.00561594961365719,-0.060715702289170115,-0.20728042563262306,0.031216912755376858
5.4,0.0,0.0,0.0,0.04071441525779593,-0.008011930718646565,-0.004979078137924808,-0.071172276111714,-0.10484254785354219,0.0322076166148168
5.42,0.0,0.0,0.0,0.03953542823400673,-0.010343296391723322,-0.004332009989007735,-0.04317251489971474,-0.1397584806215562,0.03230656830594014
5.44,0.0,0.0,0.0,0.038444925348840225,-0.013263686702797858,-0.003692156899738619,-0.07234564689640735,-0.14163000719822927,0.03166596870618321
5.46,0.0,0.0,0.0,0.036974577684340135,-0.015515043942072034,-0.003070514480945752,-0.07143830259594044,-0.07782495007714263,0.030248484873443393
5.48,0.0,0.0,0.0,0.035324690937651296,-0.01655486671344734,-0.002484147612376364,-0.09847129205886648,-0.036173644322933074,0.028332249926239728
5.5,0.0,0.0,0.0,0.03339077085637304,-0.01758914689858008,-0.001948411388747906,-0.09583828794959807,-0.06927227694761637,0.025092807928206434
5.5200000000000005,0.0,0.0,0.0,0.031164644945772174,-0.019058429377966805,-0.0014765918010551382,-0.12428097825109653,-0.06890255550148919,0.022209313306224776
5.54,0.0,0.0,0.0,0.028801835571171205,-0.01994280082975504,-0.0010558872155296828,-0.1189683561456932,-0.019815847451841118,0.020109048177366556
5.5600000000000005,0.0,0.0,0.0,0.02627599313592338,-0.020174656085139943,-0.0006774432381272955,-0.11948636033072196,-0.019368652405214223,0.016649243962331917
5.58,0.0,0.0,0.0,0.023893068009811197,-0.020838119716264106,-0.00040021439550452786,-0.13416876562373037,-0.04048417418610856,0.011728787926375661
5.6000000000000005,0.0,0.0,0.0,0.021033606458507645,-0.021438514539257797,-0.00019376837088097565,-0.12738376451475628,-0.009449627794731436,0.009169894128139289
5.62,0.0,0.0,0.0,0.018626545274105996,-0.021341793949299935,-1.3034261412525616e-05,-0.12426946544752052,0.008425098004500906,0.009399386760870265
5.64,0.0,0.0,0.0,0.01630627627210207,-0.021546962383410084,0.0001713351302162769,-0.10450418173899902,-0.025499038502294798,0.008930306889427087
5.66,0.0,0.0,0.0,0.014131395625645235,-0.02200542403036919,0.0003606040142196676,-0.11264200329405084,-0.0046922760622295535,0.010276574762721258
5.68,0.0,0.0,0.0,0.012212283294519885,-0.021525971916853598,0.0005910824311857188,-0.07678424701446042,0.03916211977867427,0.012591998607124899
5.7,0.0,0.0,0.0,0.01069691681754166,-0.020787176188427382,0.0008690318135759489,-0.07679104647832083,0.024317292673487298,0.015133889230283915
5.72,0.0,0.0,0.0,0.009181735698272159,-0.020530357263280244,0.0011914772037156518,-0.07161944946134217,0.01086991622665591,0.017020549419152098
5.74,0.0,0.0,0.0,0.0078061122406878625,-0.020015332621763804,0.0015457066060466929,-0.06984144086037623,0.04296502731060669,0.018427189128026322
5.76,0.0,0.0,0.0,0.006624522894845775,-0.01897313836759284,0.0019185747844332468,-0.03818763167643971,0.05334011238464153,0.018159283192092257
5.78,0.0,0.0,0.0,0.00592663816804706,-0.01800942773074586,0.0022764948846386024,-0.045369262478254284,0.04280175727192616,0.018104630671275324
5.8,0.0,0.0,0.0,0.004777036219245551,-0.017191507938792157,0.0026488416343266596,-0.054315849245144016,0.04412868623363535,0.018669056107049053
5.82,0.0,0.0,0.0,0.0038261656305982744,-0.016195196625829474,0.003020868351329087,-0.05130382594526234,0.05381012672147545,0.01888110451876379
5.84,0.0,0.0,0.0,0.002646418030875397,-0.015125134731329506,0.0034082240774069295,-0.05322273632304647,0.049645028529278476,0.01947689238753969
5.86,0.0,0.0,0.0,0.0017191428112018348,-0.01420274618414074,0.003798186803484427,-0.05144234014986193,0.043868756688078325,0.01977129290880253
5.88,0.0,0.0,0.0,0.0004525862814611231,-0.013254330740195604,0.0041974470221730065,-0.06311400091533038,0.054249410355879615,0.01959488709043411
5.9,0.0,0.0,0.0,-0.0005835138148254648,-0.01212707264023944,0.004566766938752659,-0.049770284797455475,0.055493580236468526,0.01732440333111862
5.92,0.0,0.0,0.0,-0.001806346322465402,-0.011139824540296293,0.004885284754666236,-0.07148196656930722,0.04236840933627799,0.0145027923092782
5.94,0.0,0.0,0.0,-0.0032174847936797674,-0.010327555828084277,0.005141636970786345,-0.07044288584738399,0.04052210931847594,0.011179350491876239
5.96,0.0,0.0,0.0,-0.0048037829065230575,-0.009555537193824112,0.0053377076250425565,-0.08781943054733181,0.03616415036800465,0.00845818031512846
5.98,0.0,0.0,0.0,-0.006301386696767539,-0.008931642818461163,0.00547301297326586,-0.0668546664110914,0.026139453601488928,0.005253394778845788
6.0,0.0,0.0,0.0,-0.007737473584952803,-0.008452060854225,0.005537931920371026,-0.0804757001608919,0.021493357970629075,0.0008692381003037042
6.0200000000000005,0.0,0.0,0.016768951074964865,-0.017323630713586627,-0.03035478028211173,0.006295958894844411,-0.9458236915964489,-1.867004261756323,0.13410887611197464
6.04,0.0,0.0,0.10635045287016535,-0.03791029222172847,-0.07635225913979664,0.01301032629343643,-1.1190978366393014,-2.754050029748523,0.5650008152953184
6.0600000000000005,0.0,0.0,0.2770186588765451,-0.06303797369752388,-0.1307735073146432,0.030183504099793312,-1.3942619761084196,-2.644798582420684,1.1758147421159866
6.08,0.0,0.0,0.4907124630357832,-0.09512455980172677,-0.18759175688755517,0.060225436572297106,-1.8093189315837148,-3.0194880692530752,1.8226226245047286
6.1000000000000005,0.0,0.0,0.6895127909113449,-0.13459240930571967,-0.25154287549901977,0.10285593126434156,-2.1290976406961604,-3.360530377729881,2.427669019030886
6.12,0.0,0.0,0.8221198908594088,-0.1796386452259484,-0.3204926891207158,0.15712380239753343,-2.3304176604862277,-3.4685970912151203,2.997760949814066
6.140000000000001,0.0,0.0,0.8703306251999293,-0.22367369066918236,-0.37637037757203046,0.2233270121248185,-1.8648461436801176,-1.9197330264350734,3.6115026827024863
6.16,0.0,0.0,0.8726646259971648,-0.24774051972440164,-0.39463664600403275,0.3006117838665669,-0.5071226968371323,0.06768623419693243,4.074353223890465
6.18,0.0,0.0,0.8726646259971648,-0.24977551315556074,-0.38543174763205934,0.38554949490822327,0.297854429597616,0.6876524049652534,4.3941818830336965
6.2,0.0,0.0,0.8726646259971648,-0.22862333865343915,-0.3592882218602265,0.4749520019338087,1.867952523317511,1.9716371052616062,4.498019412012769
6.22,0.0,0.0,0.8726646259971648,-0.17636900722612278,-0.3056836911615139,0.5634484534493636,3.152697854484485,3.2643109442264437,4.318632644044472
6.24,0.0,0.0,0.8726646259971648,-0.1150701139386161,-0.23910320669002705,0.647022808802528,2.867970859794485,3.2484402780502393,4.024527726401883
6.26,0.0,0.0,0.8726646259971648,-0.05850687294951759,-0.17964845134293136,0.7236187594785461,2.7890387707750515,2.690032345337032,3.632243584794115
6.28,0.0,0.0,0.8726646259971648,-0.006872973135434141,-0.12837514555092122,0.7922873012948077,2.3949770703697837,2.5817323860662467,3.2297080360931023
6.3,0.0,0.0,0.8726646259971648,0.03853690901624515,-0.07704080899355245,0.8522548359659892,2.0736042217226305,2.4998961065817635,2.756821226523946
6.32,0.0,0.0,0.8726646259971648,0.07247686555240657,-0.03091567257607808,0.9022016263171923,1.3392750062378067,2.098093497357118,2.2431993740437046
6.34,0.0,0.0,0.8726646259971648,0.09252585042840519,0.005004868115599574,0.9421429740704961,0.6855678006674294,1.5452155454094962,1.7619498505551934
6.36,0.0,0.0,0.8726646259971648,0.10155029265822846,0.03302757219132472,0.9729152150287013,0.2542521259977747,1.2841985803201952,1.3266279896662874
6.38,0.0,0.0,0.8726646259971648,0.10341978874459273,0.05731597232511626,0.9954237191597322,-0.05973736996393664,1.1348739091957247,0.9334367580164007
6.4,0.0,0.0,0.8726646259971648,0.09941158323475224,0.07732703353030958,1.0104774862365997,-0.319989221333278,0.833768913083034,0.584012794665271
6.42,0.0,0.0,0.8726646259971648,0.09172139886831748,0.09005461067860356,1.019214163281067,-0.4503648762672228,0.4805705125623583,0.303406701285122
6.44,0.0,0.0,0.8726646259971648,0.08073357359360529,0.09809741953801132,1.022951943252178,-0.6525570810194867,0.26851665373558375,0.08125139678835044
6.46,0.0,0.0,0.8726646259971648,0.06719629854811672,0.09996063483661204,1.0227114045798587,-0.6937457647903755,-0.08179395603744932,-0.09952177813035396
6.48,0.0,0.0,0.8726646259971648,0.050068820296421845,0.09604666365984756,1.0189027705764524,-0.9025722300021075,-0.3274663139696663,-0.27306658673186157
6.5,0.0,0.0,0.8726646259971648,0.03260960689060466,0.0856433826333478,1.0118198625283328,-1.042047617500907,-0.3393414531451777,-0.45361903774081275
6.5200000000000005,0.0,0.0,0.8726646259971648,0.01095123172110013,0.07418931075650656,1.001150072161946,-0.9426673360805956,-0.7126478989807784,-0.6265047885236601
6.54,0.0,0.0,0.8726646259971648,-0.0008560214532688792,0.06205477266867687,0.9865656223779833,-0.237427159922748,-0.5102399016066672,-0.8137681529428468
6.5600000000000005,0.0,0.0,0.8726646259971648,-0.004223439215173264,0.053230720162883494,0.9688781614465349,-0.3637742742891643,-0.43376395691346253,-0.9506352879833975
6.58,0.0,0.0,0.8726646259971648,-0.008734689208794097,0.04144106457268856,0.9493279470218777,0.0005788343282564501,-0.7635097899502034,-0.9938136531934988
6.6000000000000005,0.0,0.0,0.8726646259971648,-0.012388737190622376,0.025915202978526508,0.929067029902429,-0.31031500543586055,-0.7951352037772446,-1.0168669544944413
6.62,0.0,0.0,0.8726646259971648,-0.018093738567722333,0.007709649426902554,0.9090909936628606,-0.2601335249041692,-0.9193328412695,-0.9741220361555001
6.640000000000001,0.0,0.0,0.8726646259971648,-0.025538962993360295,-0.006097432189715521,0.890621961895607,-0.536690388336723,-0.6678680647066707,-0.8695476049969519
6.66,0.0,0.0,0.8726646259971648,-0.036810871243622256,-0.020085967775887892,0.8743322997157634,-0.4836406073154047,-0.793604711839743,-0.7671924479452087
6.68,0.0,0.0,0.8726646259971648,-0.045816554273827165,-0.037416546826634964,0.8598451498658196,-0.532434307769856,-0.656173139136325,-0.6674017193667339
6.7,0.0,0.0,0.8726646259971648,-0.06133358390727752,-0.048597937776517504,0.8479560676964756,-0.8692979482929736,-0.6583747481308204,-0.527913489640703
6.72,0.0,0.0,0.8726646259971648,-0.07627523466415338,-0.06609860445210926,0.838545286683049,-0.6493586996649797,-1.0273203026427096,-0.41746782006409366
6.74,0.0,0.0,0.8726646259971648,-0.0885657391718168,-0.0847258066460604,0.8313023094702126,-0.47087504759980325,-0.7968210860181406,-0.30534291785407774
6.76,0.0,0.0,0.8726646259971648,-0.09658711703458936,-0.09709096491844896,0.8263398208115617,-0.531286588593545,-0.5089605471108478,-0.19423879869920357
6.78,0.0,0.0,0.8726646259971648,-0.10338712494278032,-0.10830200791919545,0.8234458570097125,0.01599141816592231,-0.6563913689769713,-0.09883398669829346
6.8,0.0,0.0,0.8726646259971648,-0.1088022950296253,-0.11903872161830398,0.8225229958439546,-0.37436990327964326,-0.43046314321706486,0.005397775732131294
6.82,0.0,0.0,0.8726646259971648,-0.10851227536683666,-0.12636556380405045,0.8235670441496287,0.13582991433242925,-0.19692009559230123,0.10245319707283596
6.84,0.0,0.0,0.8726646259971648,-0.10878208509512219,-0.12765051133506786,0.8265886456557404,0.2585454345500216,-0.030356420346622448,0.1899716816497663
6.86,0.0,0.0,0.8726646259971648,-0.10126190152522799,-0.1266363358001562,0.8311692758386242,0.020389443982519767,0.3018537986586657,0.28034308385925466
6.88,0.0,0.0,0.8726646259971648,-0.09882292921448539,-0.12252534368487258,0.8351335194247671,0.42480139213102563,0.05040690606961634,-0.06464172195916396
6.9,0.0,0.0,0.8726646259971648,-0.09690903756720409,-0.12452383077068702,0.8231901798449572,-0.12702715422266853,-0.13465920487686892,-1.109308542617203
6.92,0.0,0.0,0.8726646259971648,-0.09982075082401537,-0.13040903485419988,0.7941922228234475,-0.11788976650742546,-0.383018764867422,-1.6898018658888385
6.94,0.0,0.0,0.8726646259971648,-0.10182251536560832,-0.1379669251263438,0.7583495577203676,-0.10932536980760336,-0.3712765517178514,-1.8496491433842077
6.96,0.0,0.0,0.8726646259971648,-0.10407581524736075,-0.14573357277145788,0.7212781476988877,-0.09263496004080116,-0.48655994662403035,-1.846198181214937
6.98,0.0,0.0,0.8726646259971648,-0.1056735258762879,-0.15542752035343382,0.684935669418588,-0.0813994621284633,-0.46790585181060984,-1.7828109397458027
7.0,0.0,0.0,0.8726646259971648,-0.10750688458437808,-0.16496622982561918,0.6500919237157269,-0.1046714203033542,-0.4945577798682302,-1.7002510138388751
7.0200000000000005,0.0,0.0,0.8558956749221999,-0.11000511031210561,-0.175590793145,0.6169788004664813,-0.14117260342438942,-0.5432483811813384,-1.6091566593495343
7.04,0.0,0.0,0.7663141731269995,-0.086197258041088,-0.1552736598108569,0.5843673857713616,2.6051562330823566,2.49053370419058,-1.7325553625792705
7.0600000000000005,0.0,0.0,0.5956459671206197,-0.025974594928007598,-0.09510951161268512,0.5454038915287046,3.4198384587592234,3.1866875255233316,-2.24274445028849
7.08,0.0,0.0,0.38195216296138157,0.04950620955338384,-0.027554923358220823,0.4927679124401046,3.9560964200131252,3.65113434995362,-3.044201994409028
7.1000000000000005,0.0,0.0,0.1831518350858199,0.12581517165311618,0.047392506301680584,0.4227764282712795,3.497448521855891,3.656130301077386,-3.9534457427128364
7.12,0.0,0.0,0.050544735137755925,0.16826020320063897,0.09550052993430791,0.33657536609425964,1.4619598099959052,1.550970858588757,-4.586253788789173
7.140000000000001,0.0,0.0,0.002334000797235447,0.19235399021047733,0.11202211075560227,0.24293592362422062,0.7455493067120307,0.3835352747932268,-4.700780058579931
7.16,0.0,0.0,0.0,0.20122778573610464,0.11205198088047669,0.15092733507380776,0.15757007520214567,-0.3384968777043076,-4.453811416406241
7.18,0.0,0.0,0.0,0.19913844322214752,0.09806654234991596,0.06617592859941718,-0.34624782579107216,-1.0973778592420267,-3.997972920961116
7.2,0.0,0.0,0.0,0.1869510526968015,0.07074846662776402,-0.008168053377821394,-0.8641554411178098,-1.5814006558538467,-3.4249919499375636
7.22,0.0,0.0,0.0,0.16532752605489126,0.03905154076463085,-0.07026214610651929,-1.2925696555457478,-1.6695472216330698,-2.7776056679521846
7.24,0.0,0.0,0.0,0.13492413500397696,0.0016666572080276353,-0.1190424767907522,-1.7454214447449088,-2.01450548550043,-2.1062419843029643
7.26,0.0,0.0,0.0,0.09786464534059473,-0.037170872832639174,-0.15414204721088468,-1.930599663635666,-1.6978331200976202,-1.3838184194960172
7.28,0.0,0.0,0.0,0.057087554317065956,-0.06715343984805228,-0.17373965182064477,-2.097935136682053,-1.4027388933606506,-0.5776388602507052
7.3,0.0,0.0,0.0,0.014162103448853214,-0.09437718802881383,-0.17717175404485683,-2.2054948811293547,-1.2801561886362292,0.2252556987826576
7.32,0.0,0.0,0.0,-0.030239078990850515,-0.10965313045843958,-0.16397945976176803,-2.2363032939181355,-0.4369616073908126,1.1050903703271606
7.34,0.0,0.0,0.0,-0.06962615757201066,-0.11387554310903658,-0.13300357694990161,-1.5101745470015424,-0.023422060240234896,1.9571527438620284
7.36,0.0,0.0,0.0,-0.09435267556032895,-0.1089241969666028,-0.08758908464751747,-0.9075827376622767,0.6563185446917407,2.514730925879358
7.38,0.0,0.0,0.0,-0.09721435691605429,-0.08512270460115018,-0.03546511790229068,0.5714262510469139,1.6841053875170375,2.6349058707263646
7.4,0.0,0.0,0.0,-0.07755848387078751,-0.04615928583968115,0.016259804159031055,1.3514826300772123,2.043561646171953,2.508229856213533
7.42,0.0,0.0,0.0,-0.04387671819843175,-0.006990065449419582,0.063856644471044,1.8862712018571524,1.881470070946608,2.2405528717143546
7.44,0.0,0.0,0.0,-0.005460038591947269,0.030125052230821358,0.10556340797887437,1.9706415574149354,1.8272088997723375,1.9243202638146708
7.46,0.0,0.0,0.0,0.03495850121119759,0.06560103304162629,0.14029439664084453,2.014901991562728,1.7164459074842566,1.4959440884754565
7.48,0.0,0.0,0.0,0.0719568165339814,0.09383338528112484,0.1599372381482349,1.5490990175477706,0.7669789816977525,0.413749973540893
7.5,0.0,0.0,0.0,0.09484364794829317,0.09869726844748052,0.16029967691205477,0.744463525892157,-0.19990073946659703,-0.2439325070908437
7.5200000000000005,0.0,0.0,0.0,0.10734457358003124,0.10077615656444824,0.154528648845699,0.46441600887138224,0.3909639699114086,-0.26704745628846643
7.54,0.0,0.0,0.0,0.10902536851755956,0.11374539166083791,0.1508216594008891,-0.39807882370651737,0.7842734784836279,-0.09716986371842584
7.5600000000000005,0.0,0.0,0.0,0.0935908203636994,0.12412560795449057,0.15059041698311737,-0.9589718898346297,0.24944419486051972,0.07165062815904158
7.58,0.0,0.0,0.0,0.07606306159425827,0.12439610707836893,0.15331472964691734,-0.7204056214641686,-0.02444151483690904,0.18387689789027759
7.6000000000000005,0.0,0.0,0.0,0.0668972167655131,0.12935588430121062,0.1570677492711567,-0.19291352174164084,0.484001641802981,0.16981170161097903
7.62,0.0,0.0,0.0,0.06868056621440088,0.1411018872084184,0.15954992416924046,0.3387411288366836,0.6086260052600947,0.07116406023865085
7.640000000000001,0.0,0.0,0.0,0.07804768412010041,0.14981585477004994,0.15971145929535657,0.5152381403861578,0.2755193930743764,-0.05616692925559175
7.66,0.0,0.0,0.0,0.08799833025860906,0.1535431869585107,0.15745741544781222,0.4795428155849737,0.11451888620369613,-0.16128186655928756
7.68,0.0,0.0,0.0,0.09667312881095103,0.15497344033258897,0.15348450414604115,0.3541572314069133,0.01926412230750773,-0.23038967207046834
7.7,0.0,0.0,0.0,0.1025958799501522,0.15442049408548525,0.1485455127733334,0.25072038114695727,-0.09507448113369006,-0.25689152276508853
7.72,0.0,0.0,0.0,0.1061345373658873,0.15083741893967118,0.14337882300998422,0.10655983601655028,-0.22985633055498442,-0.2545998418157258
7.74,0.0,0.0,0.0,0.10739571923169822,0.14589142332392158,0.13852489573222082,0.02577122080758809,-0.2524012012932581,-0.2293720003582509
7.76,0.0,0.0,0.0,0.10721049069123895,0.1412438418363823,0.1342486621228673,-0.04358348983974181,-0.20581260455801695,-0.19731513552964053
7.78,0.0,0.0,0.0,0.10558018178841602,0.13750130996060367,0.13057668835921266,-0.1114947715320862,-0.17512174287573418,-0.17131262499426514
7.8,0.0,0.0,0.0,0.10339718987071583,0.1339165634570977,0.12736117870707242,-0.103891320344701,-0.18745183171227608,-0.15221710415365708
7.82,0.0,0.0,0.0,0.10119983826482493,0.13004153545951935,0.12439270012018772,-0.11206724296396986,-0.19810030829698325,-0.14709303879383384
7.84,0.0,0.0,0.0,0.09921880416660361,0.1259944545197175,0.12137272675535524,-0.08305836713020981,-0.2088830881927491,-0.15738347730049584
7.86,0.0,0.0,0.0,0.0979041075764806,0.12175051289523256,0.1180380695219497,-0.09211565244463166,-0.23204095601427893,-0.17789896076765555
7.88,0.0,0.0,0.0,0.09481792739778268,0.11710218967445796,0.11420699568300458,-0.1754833116185618,-0.2305381805804323,-0.20395459348797296
7.9,0.0,0.0,0.0,0.09131063121056703,0.11091367350172723,0.10986928847233818,-0.3252425400016317,-0.2884237523517448,-0.23548129310147492
7.92,0.0,0.0,0.0,0.08383126654841314,0.10442869320866516,0.10490094444966593,-0.17836956772128582,-0.29737376498654583,-0.25328453777551796
7.94,0.0,0.0,0.0,0.08046579667358465,0.09704333446562093,0.09965452421834232,-0.33697729112415664,-0.37716395192115587,-0.2681120723781849
7.96,0.0,0.0,0.0,0.07511648937022339,0.08895423745322167,0.09450535417104367,-0.11483437497863638,-0.4404780387107645,-0.24729334417585513
7.98,0.0,0.0,0.0,0.07032806047589471,0.08097976380063968,0.08959917918860792,-0.3432539496015181,-0.3422635649904841,-0.2379164667463105
8.0,0.0,0.0,0.0,0.0649813191012497,0.07588473692218389,0.0850316751229141,-0.2406074827856635,-0.22494437343439458,-0.22309497410861145
8.02,0.0,0.0,0.0,0.058453178778567275,0.07044085325199248,0.08058401095430184,-0.3031682935570498,-0.30516435491875754,-0.21848792274134787
