t,p_des,r_des,y_des,p_act,r_act,y_act,p_vel,r_vel,y_vel
0.02,0.0,0.0,0.0,0.026322635887360387,0.01923351427753024,0.030094598729489278,2.1047139466558518,1.9058949034900838,1.3715880136894425
0.04,0.0,0.0,0.0,0.049476314803281816,0.04139805706002449,0.05237736694695457,1.0388391340022465,0.9909143664851376,0.8371731410945508
0.06,0.0,0.0,0.0,0.08289884515558979,0.051427857631167403,0.06327823564898974,1.0681089328527495,0.1570429327478976,0.28189537729834857
0.08,0.0,0.0,0.0,0.09771863948665992,0.060360682131763,0.06513958426837559,0.9626490736768033,0.7855125292753167,-0.08140112398730137
0.1,0.0,0.0,0.0,0.10565315255776095,0.0709281870806412,0.06026632223453329,-0.19742550068947823,0.18908868573893284,-0.3914278789405372
0.12,0.0,0.0,0.0,0.09826050893329868,0.07089201750315882,0.050135650328201914,-0.660640428104768,-0.18418433966586684,-0.6067007132801874
0.14,0.0,0.0,0.0,0.07783609841469549,0.0653601058258441,0.03686523433972849,-1.1589149130966863,-0.3873050409405047,-0.7044369386049916
0.16,0.0,0.0,0.0,0.054640344259956966,0.05811772508245084,0.022168831224860713,-1.205345820070078,-0.43526484419351197,-0.7595080252093402
0.18,0.0,0.0,0.0,0.03028270688653867,0.047920292483788846,0.006761473794211159,-1.1339605513721052,-0.6012502170702558,-0.772544407308158
0.2,0.0,0.0,0.0,0.009230220898936423,0.03456722866214127,-0.008487783988420428,-1.0143446674238596,-0.7057132316059338,-0.7471111693640844
0.22,0.0,0.0,0.0,-0.010335057264153097,0.020677777619326522,-0.022866176612047817,-0.9326162808069879,-0.6653480602973039,-0.6871297221043544
0.24,0.0,0.0,0.0,-0.027636069055041068,0.00811752711554669,-0.03576556943042419,-0.7957238155053957,-0.5924532556019626,-0.5986751759360689
0.26,0.0,0.0,0.0,-0.0420608767638512,-0.0032810222463389577,-0.04663343686460608,-0.6435643911286254,-0.5555598242358792,-0.48634664689937734
0.28,0.0,0.0,0.0,-0.053071595109383696,-0.01371553188589169,-0.05513410755220982,-0.44678094715179045,-0.468385074968757,-0.36420948424411237
0.3,0.0,0.0,0.0,-0.06023970996042671,-0.02140340846428341,-0.0612149759377284,-0.2982263632773281,-0.28812590295941026,-0.24656295774832804
0.32,0.0,0.0,0.0,-0.06471240664561445,-0.025026699319508974,-0.06505726982788035,-0.12909130981144368,-0.08891868021514895,-0.14144038958889638
0.34,0.0,0.0,0.0,-0.06607789867998862,-0.025950783850606438,-0.0669918283209065,-0.029666803254758956,-0.027075398115816912,-0.05588388351819451
0.36,0.0,0.0,0.0,-0.06490190392276166,-0.02566912645424131,-0.0673971105980849,0.15829263801006338,0.06860806698378771,0.011735580850955829
0.38,0.0,0.0,0.0,-0.06130920199863485,-0.023774535266445136,-0.06661836054018694,0.17824685344380597,0.11242510020795118,0.06366583076310117
0.4,0.0,0.0,0.0,-0.05628960510623565,-0.020599980030133733,-0.06494948014478125,0.3360856851800708,0.19659872244522417,0.09975382536363175
0.42,0.0,0.0,0.0,-0.04938587831524727,-0.017098081409251113,-0.0627331502838121,0.3265410001392936,0.1353669343402136,0.1198428310239501
0.44,0.0,0.0,0.0,-0.04247537080528413,-0.014331672808623526,-0.06019394779362608,0.39185720278518743,0.16557413370827573,0.13269776301699784
0.46,0.0,0.0,0.0,-0.03443750309858484,-0.010921929660475019,-0.05749845512324914,0.38375045791043366,0.15851679266544147,0.13491588697077317
0.48,0.0,0.0,0.0,-0.027287891379704693,-0.00821720022964947,-0.054853379403031755,0.3465610776834551,0.11618974066867345,0.12853717893795288
0.5,0.0,0.0,0.0,-0.020390541172595283,-0.005988410974958329,-0.052402854139986244,0.3209496298628613,0.11350199073282306,0.1154919566874204
0.52,0.0,0.0,0.0,-0.015166022791987588,-0.0037541701365067376,-0.050267060374835026,0.22884671919647248,0.0955260033661229,0.09766986161737155
0.54,0.0,0.0,0.0,-0.010691945672245351,-0.0020221541482091585,-0.048537474868032005,0.2061430632116995,0.05176075651296798,0.07427132654837121
0.56,0.0,0.0,0.0,-0.008209599880795587,-0.0017909672972610362,-0.047324805877387466,0.07356876384270938,-0.022459291850049405,0.04778841423805741
0.58,0.0,0.0,0.0,-0.006767331212543748,-0.0018196503324382184,-0.046634030455694586,0.040677263755778736,0.004297499724493586,0.02148546009109581
0.6,0.0,0.0,0.0,-0.007768393753285918,-0.002387400511494952,-0.04644043640638529,-0.029942787991393827,-0.04819458074830016,-0.0010279376054743161
0.62,0.0,0.0,0.0,-0.006143081119944133,-0.0032652422541068656,-0.046609645479878115,0.02882970478850655,-0.09529631641093322,-0.011496317033171
0.64,0.0,0.0,0.0,-0.008561345962738956,-0.005716555753397169,-0.046712108401202435,-0.18244003025725913,-0.10453504063884572,-4.1260524419328704e-05
0.66,0.0,0.0,0.0,-0.012797330344746435,-0.007917099074866433,-0.046694728575926936,-0.29218985812781073,-0.11217291376920971,0.00144597133279889
0.68,0.0,0.0,0.0,-0.01858581503153832,-0.009462902277239317,-0.04667496932806586,-0.1928483725591086,-0.004001330223112776,0.0005470725873180093
0.7000000000000001,0.0,0.0,0.0,-0.022451726250206222,-0.009749132501392688,-0.04672400499115231,-0.25375919761213656,-0.07410687427338741,-0.006380009996788227
0.72,0.0,0.0,0.0,-0.024314398571627885,-0.011290196455891431,-0.04687337840123018,0.14276732550936488,-0.06266220665537281,-0.006968934490252043
0.74,0.0,0.0,0.0,-0.024109665735556743,-0.012020046474113366,-0.046930344509266586,-0.1290367772750553,-0.027969978256643616,0.002821804407450168
0.76,0.0,0.0,0.0,-0.023079951021136247,-0.00978918317277051,-0.04675586403726156,0.18064339824551695,0.16555613127513155,0.011367411217480416
0.78,0.0,0.0,0.0,-0.023318448976176076,-0.00895625126456404,-0.04647802070042045,-0.04036970920279424,-0.032226857398755415,0.018041466954766827
0.8,0.0,0.0,0.0,-0.019779757580459495,-0.009784843066106295,-0.04603810936627667,0.11468470384122859,0.025522685797361548,0.02642384569813383
0.8200000000000001,0.0,0.0,0.0,-0.020113643965803618,-0.00837502261840008,-0.04541758244473604,0.022352741499499257,0.18533769247092635,0.03453629541466752
0.84,0.0,0.0,0.0,-0.018107125109295713,-0.004745371048748864,-0.04481572851730606,-0.006822379416435556,0.04975199825022271,0.02339432751711157
0.86,0.0,0.0,0.0,-0.018347703868051124,-0.005190211706727756,-0.04441780111571614,0.13449375686937678,-0.0996381412915517,0.01619797602521178
0.88,0.0,0.0,0.0,-0.01618448744707815,-0.005965112043836152,-0.04415800541690812,-0.01978792130573407,0.027633644233367644,0.009554599419084875
0.9,0.0,0.0,0.0,-0.01652446646840508,-0.0037818005856434557,-0.04404820789380667,0.04801327336566605,0.20319284790889156,0.0008653376523486411
0.92,0.0,0.0,0.0,-0.016009251702503252,-0.0017492962522842465,-0.04421080364551745,-0.03709768976621905,-0.00524087702275132,-0.01497811599547072
0.9400000000000001,0.0,0.0,0.0,-0.01614299022182092,-0.0038457500295828034,-0.04459772375873074,0.030554260608261746,-0.16724418809218894,-0.022423508078275756
0.96,0.0,0.0,0.0,-0.01688843579840288,-0.00604144805086659,-0.04506123504144667,-0.10087005778390738,-0.04934472121370173,-0.023864725877655868
0.98,0.0,0.0,0.0,-0.01776154815947112,-0.004911829934739622,-0.04551612727679076,0.016151472266507746,0.1201368783283206,-0.022122131175317694
1.0,0.0,0.0,0.0,-0.018159539669972385,-0.0049275580532636525,-0.04599797931561269,-0.03699704871279647,-0.09976666421568345,-0.023741979412340353
1.02,0.0,0.0,0.0,-0.01697345170264919,-0.008628364176714722,-0.04641930326343086,0.08020845911898274,-0.16440963780862425,-0.015895492960912527
1.04,0.0,0.0,0.0,-0.017339941125259717,-0.009497177871238202,-0.0465463500489076,-0.017398886058531033,0.06836124903884919,0.0021543659113436586
1.06,0.0,0.0,0.0,-0.01540128209749228,-0.006387447571995717,-0.046437806972149755,0.05508578087847865,0.03526169131106183,0.004171120146179597
1.08,0.0,0.0,0.0,-0.0152390195893565,-0.00792540348805828,-0.04626631946845383,0.17923241968502035,-0.2186217076711933,0.012669132885222423
1.1,0.0,0.0,0.0,-0.011417839323762558,-0.0112204562249987,-0.04588266157968178,-0.0020274391464509822,-0.009457688930995412,0.028435435267805564
1.12,0.0,0.0,0.0,-0.01034389771073238,-0.008512510065347385,-0.045204753718453256,0.2276216200440976,0.3212047765259855,0.033681830608257135
1.1400000000000001,0.0,0.0,0.0,-0.008581026449750229,-0.0059147505299340306,-0.04470993903928308,-0.01802941022149683,0.011501494011147258,0.021975169849950404
1.16,0.0,0.0,0.0,-0.005026574372723747,-0.009960238580679664,-0.04427821631578299,0.2037131838375478,-0.2201711085149485,0.024513524583023028
1.18,0.0,0.0,0.0,-0.004451667876204213,-0.010863597008561524,-0.04364443511598706,0.030127358606152323,0.11474834067684625,0.03628806406101881
1.2,0.0,0.0,0.0,-0.002321049197904601,-0.005965887003900602,-0.04303189753432407,0.01578567114980993,0.1497524316729158,0.021204537473092033
1.22,0.0,0.0,0.0,-0.0017674010774408888,-0.0058036894312773375,-0.04269114478839664,0.1646644787106585,-0.22117697227535205,0.013045081213036935
1.24,0.0,0.0,0.0,5.2430520036256256e-05,-0.010198353312003462,-0.042383704231372665,-0.06010510308674241,-0.06923404004107775,0.022782031417935222
1.26,0.0,0.0,0.0,-7.577145953624465e-05,-0.008572589602192584,-0.04182788927939618,0.10910112999688759,0.27103301628498966,0.028257897359464934
1.28,0.0,0.0,0.0,0.0004404554381335912,-0.004401364326604857,-0.04136712576864621,-0.01950940798503705,0.08212946229737865,0.019183995225424466
1.3,0.0,0.0,0.0,0.0027000863692658583,-0.006664685201053313,-0.0410241913321896,0.13239475459838768,-0.2423717923522356,0.016660670735767602
1.32,0.0,0.0,0.0,0.0025014554137916534,-0.008240028466926726,-0.040481126547291024,-0.041138172626677225,0.040894804149711056,0.03669087195833165
1.34,0.0,0.0,0.0,0.004107401850436149,-0.0043538067215000455,-0.039725323941145085,0.07491737796630149,0.2362780235589999,0.035283072266775295
1.36,0.0,0.0,0.0,0.004998123225642664,-0.0023439749491936755,-0.039104016621480386,0.12322522081806223,-0.04696331917263179,0.027985551404907327
1.3800000000000001,0.0,0.0,0.0,0.0075777141099026835,-0.005124904528439058,-0.038570787467140544,0.02113891271895428,-0.056120283725930746,0.03127545466171788
1.4000000000000001,0.0,0.0,0.0,0.007762425647387522,-0.0041898448703841075,-0.03778921330231333,0.11312518974169236,0.17229059706023725,0.04353584979471797
1.42,0.0,0.0,0.0,0.009833990448779834,-0.00035343570774909775,-0.03694547827222894,0.037465665094855743,0.10909882480969922,0.03969997005826592
1.44,0.0,0.0,0.0,0.011903123591784859,-0.000615087636991046,-0.03617803067000969,0.18146207579802937,-0.15552495454997012,0.03622614112954786
1.46,0.0,0.0,0.0,0.013170165520183658,-0.0019441303817955312,-0.03534338049209107,-0.03315365829403982,0.040385420449425224,0.05035458111377608
1.48,0.0,0.0,0.0,0.014475772581275664,0.0008298745712811252,-0.03426209095020194,0.1375452359366342,0.21325114767702422,0.054342159242582955
1.5,0.0,0.0,0.0,0.015846064426163653,0.002968525339409598,-0.03324854985506098,0.053718265977368396,0.013920147494109232,0.04806031011431122
1.52,0.0,0.0,0.0,0.018011802121178477,0.0009725808812822436,-0.03235284305923708,0.027968769853101372,-0.11966554166258808,0.04296635798182441
1.54,0.0,0.0,0.0,0.017438097828579413,0.0006146470943470617,-0.03147851858662487,0.1009533635290669,0.09011217758296,0.04251027782827915
1.56,0.0,0.0,0.0,0.020534450186141362,0.004077776356011696,-0.030711629193429735,-0.013419703811461792,0.14832351896510618,0.03710019447442359
1.58,0.0,0.0,0.0,0.022316805927558178,0.0040285131658275575,-0.029946662578502148,0.332308480087398,-0.16920198022054375,0.038028813338494116
1.6,0.0,0.0,0.0,0.025638528713098754,0.001442163926134726,-0.029180844131438233,-0.02512574917597654,-0.07713176050410568,0.0382992103719918
1.62,0.0,0.0,0.0,0.025395294131735732,0.002037332571117448,-0.02849000202738866,-0.045613606137116514,0.12116189466976182,0.029656220105758524
1.6400000000000001,0.0,0.0,0.0,0.022629244478457294,0.0033780635631354868,-0.027889676448971,-0.11665286477126932,-0.04328006975630458,0.031740849731418
1.6600000000000001,0.0,0.0,0.0,0.021597305166171282,0.0008829556773502188,-0.027226803996236615,-0.09082463049139643,-0.14498480564174365,0.036266937827496015
1.68,0.0,0.0,0.0,0.01908491067640526,-0.0001480321814020906,-0.026415025591675745,-0.02935205641196499,0.044736462681855535,0.04214813128159667
1.7,0.0,0.0,0.0,0.02018195200009809,0.0024353875795827713,-0.025599838745923698,0.01069354302175269,0.1302932521781652,0.04032188311445639
1.72,0.0,0.0,0.0,0.020859138935136967,0.003120166212904788,-0.02480135620696272,0.16660210883402948,-0.07874015237849066,0.03861257122018491
1.74,0.0,0.0,0.0,0.02304118752620915,0.0009343216360545477,-0.02404709905756025,-0.06922671800196858,-0.08371416471725675,0.03614205157013384
1.76,0.0,0.0,0.0,0.023958077387410667,0.0016048750202464143,-0.02342268858488389,0.22078435318186374,0.15806255895839602,0.02445715036577112
1.78,0.0,0.0,0.0,0.02457704836319416,0.0038399541689027768,-0.022955680509723964,-0.04663193880343289,0.02760029197030693,0.02505070802433851
1.8,0.0,0.0,0.0,0.02784252483271568,0.0022641323099370156,-0.022409204594953158,0.18735349255601402,-0.10129146714723536,0.030794038759103914
1.82,0.0,0.0,0.0,0.028395626606372362,0.0017629350957555565,-0.021669183133655845,0.005226550964191716,0.05925569644694072,0.041966857904368604
1.84,0.0,0.0,0.0,0.028635442625876237,0.004549098741427497,-0.020810953289799122,-0.08707901083750534,0.13125844250416335,0.04395401416844513
1.86,0.0,0.0,0.0,0.027091624263016367,0.005510888207723153,-0.019916315765359793,0.033874391632676304,-0.05321811009980465,0.04361607018583524
1.8800000000000001,0.0,0.0,0.0,0.027131308737080972,0.0036595421530288587,-0.019080876399890423,-0.10821344513803868,-0.05971718556004137,0.04038109025154779
1.9000000000000001,0.0,0.0,0.0,0.02673339497570408,0.005233364306298017,-0.0183027097513907,0.11280229112300706,0.21225150509404866,0.0355302804334261
1.92,0.0,0.0,0.0,0.02601812483693991,0.008009678440946764,-0.017707337694610387,-0.11161258883586953,0.036113479987239974,0.024688668537103498
1.94,0.0,0.0,0.0,0.028511220553549155,0.006987218162894552,-0.01727046201760926,0.2086941346834308,-0.11322669184486706,0.02014775572110783
1.96,0.0,0.0,0.0,0.028825101382883064,0.0058462807076431235,-0.01676182125527139,-0.005883892780254301,0.023663138703009616,0.030036055277586904
1.98,0.0,0.0,0.0,0.029761461366650546,0.008448052316812909,-0.016167002855185297,-0.08001087030169174,0.09963490339886014,0.03008886034199043
2.0,0.0,0.6108652381980153,0.0,0.029862729346767175,0.03547273660819136,-0.01542542912492928,0.20782666665854688,2.6460514717632826,0.03252080298975324
2.02,0.0,0.6108652381980153,0.0,0.025221572904419884,0.08908440739965107,-0.015343764987367184,-0.4807540173019438,2.1412174593351305,-0.027445429239719044
2.04,0.0,0.6108652381980153,0.0,0.02759937538764777,0.12097100576583511,-0.016371466362907705,0.39742766663291945,1.1889475033495214,-0.06995207177128915
2.06,0.0,0.6108652381980153,0.0,0.02729454175391459,0.1505637572692808,-0.017614295785235948,0.10724787765989108,2.06101911290625,-0.03673102734239175
2.08,0.0,0.6108652381980153,0.0,0.03095161927638196,0.19973444371912602,-0.018261128418573885,-0.20217878604431044,2.3367655834031007,-0.042970921101605164
2.1,0.0,0.6108652381980153,0.0,0.026823640802285442,0.24181708324530685,-0.01893507640554723,0.177833296664354,1.8599487390592533,-0.02240818852000359
2.12,0.0,0.6108652381980153,0.0,0.030734766128096724,0.27327616750784683,-0.019732608575402738,-0.0562204868551481,1.5680124821956898,-0.057850276895972996
2.14,0.0,0.6108652381980153,0.0,0.032541783676702546,0.3089803702351356,-0.020567264861827556,0.27679874733017684,2.136614022897091,-0.026938262860341178
2.16,0.0,0.6108652381980153,0.0,0.03379879291364668,0.3495622490780063,-0.021275647962341993,-0.12175852452092431,1.8378334278887969,-0.03437767513565748
2.18,0.0,0.6108652381980153,0.0,0.03342045689255732,0.38225406517305544,-0.021650570027775484,0.08343943424657305,1.382906225941507,-0.012532719291161065
2.2,0.0,0.6108652381980153,0.0,0.0325178856021332,0.40881840293659366,-0.0221071297959618,-0.1318108063614945,1.3495817915230752,-0.02351976750401974
2.22,0.0,0.6108652381980153,0.0,0.030453418421668488,0.4390388435158626,-0.02222048830089174,-0.1254930280694827,1.5949006565757735,0.005469087966188502
2.24,0.0,0.6108652381980153,0.0,0.025506971466989214,0.4698600661859799,-0.022156974294172682,-0.3149084604854898,1.514784232988344,0.001965049145976394
2.2600000000000002,0.0,0.6108652381980153,0.0,0.021179083047760117,0.4954353240624226,-0.022132047173417546,-0.27249983773639164,1.2111877386640744,-0.0008647328572373159
2.2800000000000002,0.0,0.6108652381980153,0.0,0.010324491395627217,0.5295726530480298,-0.021178759504788924,-0.732581440479501,1.9373671961930203,0.10531248712523145
2.3000000000000003,0.0,0.6108652381980153,0.0,-0.0015675067290272515,0.5534146259027403,-0.01835841443773273,-0.4249106100363763,0.3190736629356573,0.1520372509673541
2.32,0.0,0.6108652381980153,0.0,-0.007769179785314051,0.5542961382086979,-0.015400700880604634,-0.19811672361930688,0.32821774263833686,0.16208773710196822
2.34,0.0,0.6108652381980153,0.0,-0.011739470668300445,0.5706227461137199,-0.01186008618195672,-0.27081530622067457,0.9339822294641459,0.16575185650785806
2.36,0.0,0.6108652381980153,0.0,-0.015197880518736828,0.5820986334737628,-0.009121395370582763,0.08779421591093783,0.1547424583925701,0.11117499068297854
2.38,0.0,0.6108652381980153,0.0,-0.011736101969394203,0.5834849443787876,-0.007710780346786461,0.08438239334023934,0.2975999405516897,0.03578543262481382
2.4,0.0,0.6108652381980153,0.0,-0.01207967874702115,0.5934197467525895,-0.00726932159913829,-0.05629390351458874,0.5241447176225559,0.008956006959148388
2.42,0.0,0.6108652381980153,0.0,-0.012771395659407603,0.5988547168220857,-0.007671778569182441,0.002595144137759381,-0.011486343221480691,-0.05316450786289467
2.44,0.0,0.6108652381980153,0.0,-0.011803752280886676,0.5988217809652182,-0.008962653276480714,0.04829887482738163,0.18883217512206432,-0.06214876243290096
2.46,0.0,0.6108652381980153,0.0,-0.012613627241861852,0.6048347898361768,-0.010156101255327343,-0.12169781517396434,0.27842257543350873,-0.06150086547589917
2.48,0.0,0.6108652381980153,0.0,-0.014487135167796206,0.606793965137204,-0.0114506557315589,-0.019768640941892183,-0.06432501898204171,-0.06706131190755889
2.5,0.0,0.6108652381980153,0.0,-0.014533821673224784,0.607005890560596,-0.012712756515655732,-0.04214632948876881,0.16256922755239367,-0.05593047650499668
2.52,0.0,0.6108652381980153,0.0,-0.0163681816322023,0.6109923789845296,-0.01371979786352956,-0.10857614527571435,0.1533625660273436,-0.04749473185812765
2.54,0.0,0.6108652381980153,0.0,-0.017375402611352453,0.6115913452032715,-0.014698014537304072,0.008464130706874712,-0.05170497540596012,-0.05132521650333732
2.56,0.0,0.6108652381980153,0.0,-0.01726333910435318,0.6124413836040591,-0.015677099485645996,-0.022362802098132684,0.14522648049933284,-0.04572974123182061
2.58,0.0,0.6108652381980153,0.0,-0.018103018206008292,0.6152493848697547,-0.016608057384329744,-0.03271385813095823,0.08367958901635514,-0.04896308131436544
2.6,0.0,0.6108652381980153,0.0,-0.017785349116964666,0.6153911165651972,-0.01767201006444452,0.05075600168151194,-0.016320767394740525,-0.05666654064248916
2.62,0.0,0.6108652381980153,0.0,-0.01717084482552847,0.6166208191921927,-0.018819277661775935,0.005930446167621797,0.11888831456236792,-0.05797986721529258
2.64,0.0,0.6108652381980153,0.0,-0.017057244184656317,0.6185373090243095,-0.020033098256966753,0.02585005703984774,0.0423894803400205,-0.06423569797389073
2.66,0.0,0.6108652381980153,0.0,-0.01600759085433151,0.618582518629538,-0.021394656245347976,0.06172649790393328,0.011451059563718103,-0.070307749247423
2.68,0.0,0.6108652381980153,0.0,-0.015128405525749455,0.6198904929262039,-0.022804547947029796,0.03100733561856793,0.0935159310053323,-0.07073184669024413
2.7,0.0,0.6108652381980153,0.0,-0.014375558448261189,0.6211900516038157,-0.024255212854159713,0.0542654741945085,0.021729740911209314,-0.0747316993305489
2.72,0.0,0.6108652381980153,0.0,-0.013007740841592952,0.6213834591470832,-0.025765903691233383,0.06563579824802115,0.03445456342169294,-0.07553103795057159
2.74,0.0,0.6108652381980153,0.0,-0.011913655228562386,0.622705021043202,-0.027249281455631824,0.04916006616197303,0.07554350869234856,-0.0731613032997982
2.7600000000000002,0.0,0.6108652381980153,0.0,-0.01068779971114836,0.6237330349656479,-0.02867515146992272,0.07424177162792608,0.022127739101110787,-0.06991596896540764
2.7800000000000002,0.0,0.6108652381980153,0.0,-0.009127466416366747,0.6242301003515653,-0.030033704131551042,0.07769031528899362,0.04791615005015308,-0.06464685535556258
2.8000000000000003,0.0,0.6108652381980153,0.0,-0.007663017973447067,0.6255340234210763,-0.031271830014504676,0.07085824879235772,0.06721094995624642,-0.06010540659396968
2.82,0.0,0.6108652381980153,0.0,-0.006137430874060018,0.6265362593142826,-0.03245264205143067,0.08058724144769738,0.03449472095551379,-0.05886962316658639
2.84,0.0,0.6108652381980153,0.0,-0.004423875977916908,0.6272952109589273,-0.03362143209915669,0.09113363320696985,0.04940736332495231,-0.057588434017883605
2.86,0.0,0.6108652381980153,0.0,-0.0025227087209403476,0.6284300917840576,-0.03476359774036797,0.09649234816988854,0.05778056889952675,-0.05710753835651494
2.88,0.0,0.6108652381980153,0.0,-0.0007338407688416981,0.6294807429386298,-0.03594335337932297,0.08672173017679816,0.04729936623419434,-0.06042005533194472
2.9,0.0,0.6108652381980153,0.0,0.001228514640426448,0.6303698763678433,-0.037136309550999363,0.11005031377962349,0.042866239049200026,-0.05858853976269063
2.92,0.0,0.6108652381980153,0.0,0.0032401779734964054,0.6313397249296948,-0.03833264849921464,0.08504748969411324,0.05688457055313895,-0.061580526362655874
2.94,0.0,0.6108652381980153,0.0,0.005059722899753399,0.6325039107188849,-0.039533572612178505,0.10755503017437232,0.0529491481841348,-0.05702072424580762
2.96,0.0,0.6108652381980153,0.0,0.0073710009202341,0.6333287723337059,-0.040631302106449135,0.10685549556693313,0.03905064412997022,-0.05438500590865081
2.98,0.0,0.6108652381980153,0.0,0.009225048755158505,0.6344052633985269,-0.04169556269124619,0.09407701619178231,0.06452582269696687,-0.04985935786662887
3.0,0.0,0.6108652381980153,0.0,0.01150155228288105,0.6356428782388561,-0.04257603920313878,0.12736600866546316,0.052302194814528094,-0.0389558352286008
3.02,0.0,0.6108652381980153,0.0,0.01386547899999857,0.6366154407222262,-0.04329509407213248,0.10502325510611284,0.0538704405271135,-0.032978551380637766
3.04,0.0,0.6108652381980153,0.0,0.01611396230051948,0.6378771404130417,-0.0438388994779802,0.12865737734919577,0.06763809872357764,-0.020593934517199486
3.06,0.0,0.6108652381980153,0.0,0.01888539804304254,0.6391146574202291,-0.04413561089656519,0.1361866017224486,0.057198439041505345,-0.010509161716974802
3.08,0.0,0.6108652381980153,0.0,0.0214084099734268,0.6403325321143727,-0.044268818561122955,0.12662373862320755,0.06580663224973259,-0.0016267919432484401
3.1,0.0,0.6108652381980153,0.0,0.024278994725182135,0.6416403775096946,-0.04417311882774301,0.15798025081031963,0.061359137642980684,0.010588351847876876
3.12,0.0,0.6108652381980153,0.0,0.027326769421880143,0.6428554143292788,-0.0438976176459909,0.13945854633504276,0.06521833139960372,0.015961292716442532
3.14,0.0,0.6108652381980153,0.0,0.030228035950458254,0.6442239206827574,-0.043488523845615995,0.1611548223103544,0.06647213586627386,0.02593479666710463
3.16,0.0,0.6108652381980153,0.0,0.033642842367760356,0.6453912073449053,-0.042886460492163964,0.16574176304833127,0.056307442485575405,0.03245922053695538
3.18,0.0,0.6108652381980153,0.0,0.03671106079316547,0.6466831748295268,-0.042195707300371144,0.15134267646405308,0.06908705517184446,0.037594419120849265
3.2,0.0,0.6108652381980153,0.0,0.04000118786265813,0.647896789893867,-0.04136284671766066,0.1751761778437656,0.048252837622930624,0.04525340826989965
3.22,0.0,0.6108652381980153,0.0,0.04332879079033128,0.6488579488177226,-0.04042316287823522,0.15322503130916582,0.05676746204318004,0.04875666144631219
3.24,0.0,0.6108652381980153,0.0,0.04634499704789477,0.6500399033591568,-0.03939024733184043,0.1549674053413943,0.05367698518248105,0.05479648682474192
3.2600000000000002,0.0,0.6108652381980153,0.0,0.049520005367431064,0.6508448797260716,-0.03824024447834917,0.1542666714312917,0.03402761437835368,0.05912934258073066
3.2800000000000002,0.0,0.6108652381980153,0.0,0.052362255491755355,0.6517604066840883,-0.037039131993670205,0.13494541809835764,0.05342885943407199,0.06116790652689863
3.3000000000000003,0.0,0.6108652381980153,0.0,0.05514711345099768,0.6526457090289184,-0.035789044799285685,0.1446623422743836,0.028861112838527814,0.06362249978490342
3.3200000000000003,0.0,0.6108652381980153,0.0,0.057916807973415585,0.6531303272773012,-0.03452931208190185,0.12763697994492268,0.03190953597693762,0.06186327161308791
3.34,0.0,0.6108652381980153,0.0,0.060366841796695075,0.653864887067279,-0.03331046318644293,0.12361596478522663,0.032517779911282144,0.060395005495124
3.36,0.0,0.6108652381980153,0.0,0.0628948201533655,0.6541971923330192,-0.032113412185637125,0.12294080646098034,0.005587298449233379,0.0586035581383445
3.38,0.0,0.6108652381980153,0.0,0.06512247102443042,0.6544689205884802,-0.03097585243731449,0.1025892423267105,0.021035967546356463,0.0553689790100419
3.4,0.0,0.6108652381980153,0.0,0.06720965080464356,0.6547742144797001,-0.029882183219828606,0.10745144173564411,0.0028989591503424316,0.054231943476159006
3.42,0.0,0.6108652381980153,0.0,0.06922279992089411,0.6546793396727733,-0.028825795456167258,0.09069942112986815,-0.0026175812881975187,0.051322653752110536
3.44,0.0,0.6108652381980153,0.0,0.07097271633615079,0.6547266245537053,-0.02782013466172395,0.09030866982585455,0.0015536901025457847,0.04964258298413643
3.46,0.0,0.6108652381980153,0.0,0.07278630308802528,0.654553936340935,-0.02684294714184221,0.08512261093176715,-0.01673167849747246,0.047657843324018484
3.48,0.0,0.6108652381980153,0.0,0.07436105325320835,0.6542637683114685,-0.02590485022955752,0.07807100530558933,-0.010061916230035568,0.046698558663059
3.5,0.0,0.6108652381980153,0.0,0.0759715945059036,0.6540312929675345,-0.02497331484063431,0.07907272531172556,-0.0167701281365096,0.046266992352747296
3.52,0.0,0.6108652381980153,0.0,0.07747510184306935,0.6535962743611767,-0.0240416994383596,0.0742414285324196,-0.022420412762548903,0.04744467508498933
3.54,0.0,0.6108652381980153,0.0,0.07896329055844814,0.6532681285597016,-0.023074859202734443,0.07156451752110295,-0.01212015152514932,0.04895228168693666
3.56,0.0,0.6108652381980153,0.0,0.08040528886397469,0.6529386363092307,-0.022073578822034312,0.07526715307931307,-0.023077309443391737,0.05122839577658789
3.58,0.0,0.6108652381980153,0.0,0.0819473653717234,0.6525200835085327,-0.021026162699913586,0.07579600318202225,-0.013275356753206215,0.05338844758567346
3.6,0.0,0.6108652381980153,0.0,0.08341874676472781,0.6523294282757055,-0.019941315617408528,0.07533485150426997,-0.011500769703515988,0.05537310712140736
3.62,0.0,0.6108652381980153,0.0,0.08499216338536558,0.6519795015395133,-0.01881227320853751,0.08214289999140606,-0.019041524109652284,0.05785429021926081
3.64,0.0,0.6108652381980153,0.0,0.08661814185976258,0.6517813524544882,-0.017625514551139143,0.07753266153137434,-0.0009317436357308613,0.060517777292594443
3.66,0.0,0.6108652381980153,0.0,0.08817538827784625,0.6517474376523587,-0.016383289435902837,0.08292016572456658,-0.0077903985622557225,0.06409560458985741
3.68,0.0,0.6108652381980153,0.0,0.09000416136456298,0.651538882367859,-0.015045540264936541,0.09386160129713154,-0.002253935040266394,0.06944362382807379
3.7,0.0,0.6108652381980153,0.0,0.09169509085675782,0.6517844494164906,-0.013619085778178885,0.0787917242782808,0.01841129165130105,0.0733806726456473
3.72,0.0,0.6108652381980153,0.0,0.09348474781064584,0.6518970284207448,-0.0120882689553794,0.10158648173385725,-0.006047797349682454,0.07981553752519155
3.74,0.0,0.6108652381980153,0.0,0.0954003268349651,0.6521123371763877,-0.010445194901820165,0.08060066511541814,0.03335349308838433,0.0838012988946254
3.7600000000000002,0.0,0.6108652381980153,0.0,0.09692279942072816,0.6527839571874443,-0.008727637184983261,0.08574419262702368,0.017800198580334686,0.08859013130058835
3.7800000000000002,0.0,0.6108652381980153,0.0,0.09887309934044304,0.6528739622758859,-0.0069081154900001995,0.09654394936088283,0.014443377461205466,0.09256715412066185
3.8000000000000003,0.0,0.6108652381980153,0.0,0.10042054197701353,0.6536886689320941,-0.0050517005571944495,0.06538548486803183,0.050992791731093175,0.0932674506498683
3.8200000000000003,0.0,0.6108652381980153,0.0,0.10203588083118975,0.6541738880801939,-0.0031555715950696284,0.09777019505994071,-0.00439895641668785,0.09604453068413132
3.84,0.0,0.6108652381980153,0.0,0.10385657941979642,0.6544328450963697,-0.0012346437324348425,0.07116946875887192,0.04454560837754124,0.09529631474472233
3.86,0.0,0.6108652381980153,0.0,0.10498210911824978,0.6554275199494587,0.0006489829876672737,0.06249500675021637,0.030038673824872807,0.09436706644419468
3.88,0.0,0.6108652381980153,0.0,0.10669709448778125,0.655363745231956,0.0025557284444868433,0.09116363023635886,-0.0054994209665174855,0.09490388056168175
3.9,0.0,0.6108652381980153,0.0,0.10796584974739909,0.6560475734214161,0.004404348059813684,0.035292744600440684,0.058651762121548226,0.08967743594002586
3.92,0.0,0.6108652381980153,0.0,0.10899428711254948,0.6566273989386748,0.006204140340988179,0.08262799892110653,-0.017877242219308715,0.09114323153742299
3.94,0.0,0.6108652381980153,0.0,0.11062552074010241,0.6563464067346292,0.007997514669353195,0.060351657310856247,0.025003089279764173,0.08761850722233899
3.96,0.0,0.6108652381980153,0.0,0.11128117054450694,0.6573087796120647,0.009699019967570471,0.029706734044563345,0.038153431389424855,0.08414610626493868
3.98,0.0,0.6108652381980153,0.0,0.11255314859407786,0.6570508597729092,0.011406418404676322,0.07728609056033373,-0.038998384536810066,0.0844981988780118
4.0,0.0,0.6108652381980153,0.0,0.11360579779333524,0.6572497112629322,0.01306041699776461,0.019651909447986636,0.053838163432943606,0.08024041003077187
4.0200000000000005,0.0,0.6108652381980153,0.0,0.1140621341251782,0.6579696474085932,0.014649183837274045,0.053093225164909316,-0.012875143182908267,0.08020825546641253
4.04,0.0,0.6108652381980153,0.0,0.11522287481933219,0.6572711051650765,0.01620368317460303,0.04437629135844777,-0.007285093969029602,0.075576758632665
4.0600000000000005,0.0,0.6108652381980153,0.0,0.1155187204390788,0.6579300231798089,0.01766346337088401,0.0005916023886032434,0.04101282658145669,0.07064760152298866
4.08,0.0,0.6108652381980153,0.0,0.11610652011702806,0.6577222329569747,0.01906423713545402,0.041915591943942745,-0.055735823305992374,0.06681628330550327
4.1,0.0,0.6108652381980153,0.0,0.11662303552452885,0.6572311828920658,0.020346543797354733,0.002740033720543003,0.020248599862237576,0.06174469579316799
4.12,0.0,0.6108652381980153,0.0,0.11660901689644099,0.6576229411237251,0.02153019705536874,0.016671590911688648,-0.012841872234907178,0.05737061195644366
4.14,0.0,0.6108652381980153,0.0,0.11695870667078886,0.6566827760813025,0.0225744774350409,0.008538661419343806,-0.0451016766319643,0.04783668304233801
4.16,0.0,0.6108652381980153,0.0,0.11685853701709213,0.6565206175730286,0.023476708356114623,-0.012142270439312416,0.01127487593737545,0.04212137780598657
4.18,0.0,0.6108652381980153,0.0,0.1169098636546061,0.656173424942715,0.024264816561895913,0.006264240318228365,-0.05168750189901822,0.03478638215161434
4.2,0.0,0.6108652381980153,0.0,0.11688928775827849,0.6552487682636237,0.024887458695407483,-0.006238630505967235,-0.02062155927746976,0.02907746283754098
4.22,0.0,0.6108652381980153,0.0,0.11681717739569121,0.6551177027948731,0.025446087677888973,0.008806793707153565,-0.013091135325859388,0.02795514150008982
4.24,0.0,0.6108652381980153,0.0,0.11696112330481934,0.6543971428583045,0.02595690691135938,-0.0016188051539789902,-0.04514464330825746,0.023083603927981367
4.26,0.0,0.6108652381980153,0.0,0.11688626094762812,0.6539227746793055,0.02641438333021967,-0.0005131055868045353,-0.004071352062630126,0.02289331796281413
4.28,0.0,0.6108652381980153,0.0,0.117131755051021,0.653685291815159,0.026876421488126467,0.014725460610787562,-0.027591814279712842,0.02139876097231197
4.3,0.0,0.6108652381980153,0.0,0.1172260425854929,0.6531072625266167,0.027257025274457836,-0.0007489719342021819,-0.01836396162081271,0.017725314561236827
4.32,0.0,0.6108652381980153,0.0,0.11735270299990236,0.6529466658147514,0.027602626392588814,0.019315231396243943,-0.008754359165046313,0.01719377244347997
4.34,0.0,0.6108652381980153,0.0,0.11770953919484457,0.6525795933830242,0.0278951194872899,0.0073928992988373105,-0.020370768100954867,0.011657834140808232
4.36,0.0,0.6108652381980153,0.0,0.11770301556177962,0.6523399719773686,0.028086635346334488,-7.203970779548485e-05,-0.0053184482391522726,0.007936044418544341
4.38,0.0,0.6108652381980153,0.0,0.11798093670577996,0.6521333249301065,0.02822742131348449,0.017134422493374664,-0.016116433622979823,0.004342157165059923
4.4,0.0,0.6108652381980153,0.0,0.11801168718884543,0.6519080784788092,0.028233853532140807,-0.010756965839800235,-0.00674526427707927,-0.0031359245368172695
4.42,0.0,0.6108652381980153,0.0,0.11787574024504001,0.6517343113066287,0.0281202129752266,0.004402676289146659,-0.013580836765756473,-0.0077271381631487945
4.44,0.0,0.6108652381980153,0.0,0.11790604835553749,0.6514442909787382,0.02788175631335038,-0.010631968067134404,-0.008861644992112427,-0.01635786799694522
4.46,0.0,0.6108652381980153,0.0,0.1174566147064208,0.6512954595783522,0.027469146722919446,-0.027288648896099617,-0.01131270234025282,-0.024656009940953544
4.48,0.0,0.6108652381980153,0.0,0.11707826562679713,0.6509458457373836,0.026912975464897626,-0.01708274590012513,-0.020968038708943794,-0.03211367669255655
4.5,0.0,0.6108652381980153,0.0,0.11647122704859215,0.6506815109152165,0.026173027571370022,-0.042687390877974726,-0.00767916420528519,-0.04137643604840703
4.5200000000000005,0.0,0.6108652381980153,0.0,0.11558516011690027,0.650399187940688,0.025259465538064185,-0.04502494511925611,-0.024960962443408796,-0.05084426953705728
4.54,0.0,0.6108652381980153,0.0,0.1145940329253444,0.6498313387961545,0.024119664756873882,-0.0562925250045494,-0.02523478720823085,-0.06289945540422134
4.5600000000000005,0.0,0.6108652381980153,0.0,0.11329808640233414,0.6493937255360652,0.022746121244792028,-0.0729583136087771,-0.023064969195348423,-0.0744935771249633
4.58,0.0,0.6108652381980153,0.0,0.11166881026186397,0.6487965007727124,0.02112974103023424,-0.089386403118756,-0.036271369174280026,-0.08702775230364795
4.6000000000000005,0.0,0.6108652381980153,0.0,0.10976515499516427,0.6480280874029349,0.019282142865998386,-0.10101643802966939,-0.03822353517735427,-0.09714809774032818
4.62,0.0,0.6108652381980153,0.0,0.10755266179233734,0.6472882925888286,0.017251604019353328,-0.12287217237014128,-0.03615699035231114,-0.10598344985181235
4.64,0.0,0.6108652381980153,0.0,0.10486764123170728,0.6465182971629779,0.015044114377179174,-0.14208205957996234,-0.04254621535363661,-0.11435616851899533
4.66,0.0,0.6108652381980153,0.0,0.10195890785028436,0.6455933297120182,0.01269469665106776,-0.1494133341791879,-0.04807918881432675,-0.12025996022878871
4.68,0.0,0.6108652381980153,0.0,0.09872408470265012,0.6447191376157719,0.010225030951623248,-0.17504623425573565,-0.039869246151337266,-0.12677557125744232
4.7,0.0,0.6108652381980153,0.0,0.0951015886726076,0.6438612984300669,0.007632165838535154,-0.18190325622829642,-0.04817736162366193,-0.1318947243443368
4.72,0.0,0.6108652381980153,0.0,0.09147414975300908,0.6428443219885183,0.004960483488995859,-0.1890831637622226,-0.048850238267972405,-0.13601659242957298
4.74,0.0,0.6108652381980153,0.0,0.08745215857511845,0.6419854063312512,0.002186511132243718,-0.20726204027883058,-0.04063192630269254,-0.1408264906452319
4.76,0.0,0.6108652381980153,0.0,0.08341553008007324,0.6410736689938505,-0.000646595680371953,-0.19582512618132256,-0.051130457177449726,-0.14219840219714763
4.78,0.0,0.6108652381980153,0.0,0.07938290653154378,0.6401257722259053,-0.0035191973493405304,-0.20923258505100084,-0.03960307532287148,-0.1449571036245041
4.8,0.0,0.6108652381980153,0.0,0.07523891358890328,0.6394099904275519,-0.006419128443420963,-0.19909681110986743,-0.036637936208484365,-0.14418315106792523
4.82,0.0,0.6108652381980153,0.0,0.07139768801239074,0.6385957182359973,-0.0092781185629347,-0.1934086903515741,-0.04037608522355628,-0.1425315507930629
4.84,0.0,0.6108652381980153,0.0,0.06745423763451075,0.6379487458891793,-0.01211655410477891,-0.1937694219767215,-0.025997041227438573,-0.14040236411361096
4.86,0.0,0.6108652381980153,0.0,0.06389173520512056,0.6374017116164569,-0.014855749125191525,-0.16430518694674542,-0.030874855261175595,-0.1333669521766645
4.88,0.0,0.6108652381980153,0.0,0.0605481992459907,0.6368539599151222,-0.017478768897114666,-0.17155734791970137,-0.01963140064554322,-0.12879891451291448
4.9,0.0,0.6108652381980153,0.0,0.05730475447019104,0.6365612736623418,-0.01996847789171105,-0.14575504141729725,-0.014014088488491349,-0.11914163953157875
4.92,0.0,0.6108652381980153,0.0,0.0546418334843429,0.6362279402447963,-0.022238994460554662,-0.13143054992465708,-0.015079263002521433,-0.10895890849924372
4.94,0.0,0.6108652381980153,0.0,0.05197079900632265,0.6361108572038537,-0.024321767523952,-0.1276046527197359,0.001275586308543429,-0.09832150913348503
4.96,0.0,0.6108652381980153,0.0,0.04979290091322816,0.6361063942675416,-0.026135560745272943,-0.09173929826631468,-0.0029647491294256577,-0.08305275797370926
4.98,0.0,0.6108652381980153,0.0,0.04792831478630019,0.6362005423420464,-0.02767966384944679,-0.097054788599775,0.014423711826539103,-0.07148767194851247
5.0,0.0,0.0,0.0,0.05500708258972181,0.613453193668401,-0.02750389197661703,0.5499006701314517,-2.357542198748618,0.06932838089555249
5.0200000000000005,0.0,0.0,0.0,0.05748174205278597,0.5658026475108666,-0.025790472442878687,0.16264187126993773,-1.7476725866297078,0.17975367009577337
5.04,0.0,0.0,0.0,0.06645128515833643,0.5412226764700734,-0.02096425386450792,0.4489158591601179,-1.1432815552577211,0.24368372777956515
5.0600000000000005,0.0,0.0,0.0,0.07433810449864847,0.508932235258763,-0.016063247591017377,0.37648961065573255,-2.040396629519785,0.25067886287630503
5.08,0.0,0.0,0.0,0.08002517612066129,0.46883986008529527,-0.011236170447126964,0.22851833134580138,-1.6393855656241048,0.23827365440508586
5.1000000000000005,0.0,0.0,0.0,0.08377404699606242,0.4431705976659829,-0.006762044038799181,0.15546825564574368,-1.1049729727332598,0.20242312781879668
5.12,0.0,0.0,0.0,0.08849168046968434,0.4155898506106177,-0.003036799626290221,0.26332280509297284,-1.6484147868152645,0.16174328707794494
5.14,0.0,0.0,0.0,0.0912859981283845,0.3814201865608172,-0.0006539275154921753,0.015604324554810756,-1.6703946525477007,0.07826914885667957
5.16,0.0,0.0,0.0,0.0920476108438133,0.3522278986309977,0.0003833198270795368,0.06980464989616542,-1.2604488096688469,0.02508285527560039
5.18,0.0,0.0,0.0,0.09340317164535791,0.328506940021085,0.00037238863254607235,0.06544498058113407,-1.225345225219276,-0.01849811154252956
5.2,0.0,0.0,0.0,0.0940714690177607,0.30214269400446214,-0.00020958585719921263,-0.023745836483344385,-1.4012984619438553,-0.03728277906600774
5.22,0.0,0.0,0.0,0.09222485081859227,0.2738748596464722,-0.0010057667309272822,-0.1534071277933471,-1.3704489398734845,-0.041018908167721246
5.24,0.0,0.0,0.0,0.08841018227348107,0.24831490171517334,-0.0017960648814608904,-0.21638784721167992,-1.1744070888006162,-0.03730144024528603
5.26,0.0,0.0,0.0,0.08410595525356095,0.22653382217540008,-0.002448442527742789,-0.20179331430909742,-1.030100236253389,-0.02657282566701058
5.28,0.0,0.0,0.0,0.08045973099499851,0.20610848302455542,-0.002827047714487718,-0.17220566955206612,-1.033023649324189,-0.011664670703557922
5.3,0.0,0.0,0.0,0.07687798687968421,0.18522073378323273,-0.0029238538348734244,-0.18622394295839723,-1.045394352512714,0.0021937980153534653
5.32,0.0,0.0,0.0,0.07303827139396303,0.1648210589849148,-0.002740829773809572,-0.19888837832711065,-0.9782911461600134,0.015377687533415507
5.34,0.0,0.0,0.0,0.06915859812372906,0.1463169722389481,-0.0023214280054048575,-0.17321322234852,-0.8765302489888895,0.02669408060534384
5.36,0.0,0.0,0.0,0.06597890763155041,0.12971193761586125,-0.0017094858607315522,-0.15686363814410997,-0.7923110468721384,0.03319696657848126
5.38,0.0,0.0,0.0,0.06300505099246521,0.11416071716928569,-0.0010028098740643698,-0.1281783423246904,-0.7676387256272259,0.03728486279149679
5.4,0.0,0.0,0.0,0.06056472508852524,0.09909540909110472,-0.00025741308160948106,-0.12877516212503884,-0.734728584938686,0.036448276343366615
5.42,0.0,0.0,0.0,0.058191412819807234,0.08491717118985512,0.0004744494017004386,-0.09372528011106385,-0.6810542345276156,0.03735070711861793
5.44,0.0,0.0,0.0,0.05621107355897631,0.07191992678667135,0.0012060150069235775,-0.120742416148411,-0.6195922750301679,0.03508581021962309
5.46,0.0,0.0,0.0,0.05357941533709071,0.05977359348919141,0.0018686985315553573,-0.11764717441970947,-0.606220317503987,0.0309003856663361
5.48,0.0,0.0,0.0,0.05118565882471049,0.047796436233856696,0.0024175618671575805,-0.14119175854985627,-0.5838453815381428,0.023716576194385455
5.5,0.0,0.0,0.0,0.047934252254066,0.03668757378848794,0.0028101202702295325,-0.16283865137044304,-0.5230735589386537,0.015160268136927448
5.5200000000000005,0.0,0.0,0.0,0.044735584867492226,0.026736378726813656,0.0030256276871540866,-0.16443582279803143,-0.48151171716086877,0.006865875174806885
5.54,0.0,0.0,0.0,0.041332020435252914,0.017123353394463692,0.0031001414770821523,-0.1744558270775411,-0.47814129004254347,0.0009488682523297598
5.5600000000000005,0.0,0.0,0.0,0.03776024003506756,0.007852656724443302,0.003080469574778033,-0.17744657684478837,-0.4378519097496216,-0.002228670579939529
5.58,0.0,0.0,0.0,0.0341937033446956,-0.00010467112304559864,0.0030393555341649003,-0.1852990481827018,-0.3639643898486854,-0.0016536565041216922
5.6000000000000005,0.0,0.0,0.0,0.030650565823943682,-0.007114544283151891,0.003001704755923984,-0.16628141236345464,-0.34383304728382286,-0.0023232150780890803
5.62,0.0,0.0,0.0,0.02711328891894918,-0.01373558910264186,0.0029600585072878105,-0.19265771545879168,-0.312758904250225,-0.001574595646959942
5.64,0.0,0.0,0.0,0.02355717840447258,-0.01930898297728284,0.0029316369702708234,-0.1609277528808385,-0.24599795083977466,-0.0010322441988730446
5.66,0.0,0.0,0.0,0.020386460111729773,-0.023825162675090668,0.002926888409796158,-0.15219104103169162,-0.21722963312522017,0.00021182047316337105
5.68,0.0,0.0,0.0,0.017484788183865577,-0.02815579560329847,0.0029365225456444155,-0.1472852594539657,-0.2104642363968918,0.0012207126442220773
5.7,0.0,0.0,0.0,0.014445437087243357,-0.031874061806200234,0.0029792810708121342,-0.1463801261159792,-0.1539391307060532,0.002802533265319429
5.72,0.0,0.0,0.0,0.011818764146287492,-0.03448497360325233,0.003049587275847976,-0.12048134374324596,-0.11410648524149151,0.004292169813137736
5.74,0.0,0.0,0.0,0.009444765771909738,-0.03666094948058905,0.003155236210392709,-0.12153288637781087,-0.10401701892539172,0.006403724365128927
5.76,0.0,0.0,0.0,0.006919947975007945,-0.03860102918815921,0.0033104172935326526,-0.12468331731952538,-0.08617141806749329,0.008930462939564121
5.78,0.0,0.0,0.0,0.004571526596442332,-0.03995519700061142,0.0035089341870896407,-0.11836516029360236,-0.052604266194186525,0.011222769212969386
5.8,0.0,0.0,0.0,0.0022098108657574306,-0.040849337513855964,0.00375714382695147,-0.10644941023830247,-0.04232177932786764,0.01290554605035732
5.82,0.0,0.0,0.0,0.0001826063064844785,-0.041679071733733364,0.004023048775055105,-0.10828835624454179,-0.038928419637887554,0.014057787395747257
5.84,0.0,0.0,0.0,-0.0021471562603879446,-0.04220506653821006,0.0043148183140302165,-0.11466028191682656,-0.011278541683943058,0.01440238046821718
5.86,0.0,0.0,0.0,-0.004290317603179175,-0.042276846876352706,0.0045831929147603645,-0.10500671788012769,0.0004517087811874501,0.012360834021295286
5.88,0.0,0.0,0.0,-0.0064922195962371365,-0.0423163808378929,0.0048041777698470955,-0.11614490449253548,-0.005756362933413833,0.009794798600971433
5.9,0.0,0.0,0.0,-0.008910863562401436,-0.04242094676598513,0.00497871124911603,-0.12442563584846628,-0.001301964636841596,0.00771798519469824
5.92,0.0,0.0,0.0,-0.011501348202489728,-0.04235900674293992,0.005116667939717448,-0.13331866468751652,0.005893667314528367,0.00610861400677698
5.94,0.0,0.0,0.0,-0.014028067309534167,-0.04227715453385098,0.005215202787647227,-0.12084350326512666,0.0011162252368267025,0.003768670639798355
5.96,0.0,0.0,0.0,-0.016553583497927835,-0.04231217640781426,0.0052716401204417895,-0.1335430582426286,-0.0017401408463535509,0.0018943493805601008
5.98,0.0,0.0,0.0,-0.019171072802559377,-0.0422406446065939,0.0052890726647771905,-0.12582265248741215,0.008367770113925942,3.3723733412482915e-06
6.0,0.0,0.0,0.0,-0.021739858675153184,-0.04205237232012339,0.005276508564143589,-0.13200808925127325,0.007178111502081169,-0.001416499437095542
6.0200000000000005,0.0,0.0,0.0,-0.024297869540757994,-0.042026875808919784,0.005226177251007998,-0.12435873702663415,-0.003395081240854199,-0.0034054222508612675
6.04,0.0,0.0,0.0,-0.026870446991123856,-0.042120818183532575,0.005150284397795343,-0.13334792393900638,-0.0038823464105885858,-0.004078528228447231
6.0600000000000005,0.0,0.0,0.0,-0.029346876131854174,-0.04207639608359083,0.005061117734718262,-0.11483503991817309,0.006370326772653777,-0.004831705373870898
6.08,0.0,0.0,0.0,-0.031658950258058316,-0.04199224473055334,0.004949140825081758,-0.11621609469283188,-0.0006048486870878153,-0.0065160233503887
6.1000000000000005,0.0,0.0,0.0,-0.033889869916957305,-0.042122590324817334,0.004796733867377501,-0.11054297513218075,-0.009302321679098668,-0.008572276400632628
6.12,0.0,0.0,0.0,-0.03620855416980459,-0.042247113079895274,0.004609524297752798,-0.1165677348138604,-0.0015738791695232013,-0.010047072622381137
6.140000000000001,0.0,0.0,0.0,-0.03833612849043004,-0.0421892068226543,0.004400844148604033,-0.10315629546362733,0.004378123734581345,-0.010557713804193236
6.16,0.0,0.0,0.0,-0.0404853820523038,-0.04219973421619663,0.004187806323207088,-0.10180903386834496,-0.005548438214313445,-0.010971909974740734
6.18,0.0,0.0,0.0,-0.04224703511325811,-0.04231102412501054,0.003965563432433428,-0.08605130482327966,-0.004706558100155592,-0.011067730616587168
6.2,0.0,0.0,0.0,-0.04423092387133401,-0.042375297547851805,0.0037446526878646136,-0.10197887219302526,0.0007337699059517117,-0.011216938813114252
6.22,0.0,0.0,0.0,-0.045910312757094174,-0.0422502142183891,0.0035142664965938653,-0.07851643701241404,0.006963096390934509,-0.01157650201502558
6.24,0.0,0.0,0.0,-0.047691892964570645,-0.04229243856753683,0.003274790725621257,-0.08960475667531977,-0.00967835372546258,-0.012627584137367975
6.26,0.0,0.0,0.0,-0.04912259913088737,-0.042279493474254456,0.003008408092509851,-0.0666505161384664,0.013576748241831402,-0.01369459721465871
6.28,0.0,0.0,0.0,-0.0506828107793693,-0.04196773647233944,0.0027278448638272113,-0.09267493101975291,0.009653092564314417,-0.014486050799870087
6.3,0.0,0.0,0.0,-0.05237696327854528,-0.04187500691109647,0.002423862770714935,-0.07255379892896169,0.0010120275318907107,-0.015784493383489195
6.32,0.0,0.0,0.0,-0.05407548172155567,-0.04200735344654354,0.002107891725804223,-0.10314048018095814,-0.013761480391513592,-0.015680876483023076
6.34,0.0,0.0,0.0,-0.05555166350465393,-0.04193162323958097,0.001796281764972485,-0.04589595890116842,0.021236388936874406,-0.015280993085994732
6.36,0.0,0.0,0.0,-0.05664345747315182,-0.04142366176445915,0.0014839587337949767,-0.07375378188294948,0.016997337883453506,-0.016939382476222953
6.38,0.0,0.0,0.0,-0.05822934983192776,-0.041295170115609514,0.001099791518934301,-0.07236178055034184,0.008910723700997603,-0.021203107640353713
6.4,0.0,0.0,0.0,-0.05984550424524897,-0.04117870355175607,0.0006506236824199152,-0.10049346690686213,-0.002702838542641056,-0.02340212140967246
6.42,0.0,0.0,0.0,-0.06147944722292624,-0.04133917759151998,0.00016989457795663077,-0.04948458219473367,-0.007456500191541204,-0.024261531703717976
6.44,0.0,0.0,0.0,-0.06269478249044579,-0.04158421732839672,-0.000302900304554099,-0.08914302484674538,-0.021410954835140245,-0.022984466377291124
6.46,0.0,0.0,0.0,-0.06402384347200124,-0.04171818257705616,-0.0007490750783530342,-0.023420661759450262,0.019515745549342198,-0.021386829804523444
6.48,0.0,0.0,0.0,-0.06458666797733531,-0.04125253632121026,-0.001169706783824942,-0.04901562540140117,0.012732156145754972,-0.02198541782821742
6.5,0.0,0.0,0.0,-0.06580435268353996,-0.041278031140672904,-0.0016433377876605704,-0.05200032112726905,-0.0010750411738496418,-0.025013719735298073
6.5200000000000005,0.0,0.0,0.0,-0.06698646250211934,-0.04111173934866204,-0.0021524838963380977,-0.08315617476512255,0.010319356367146731,-0.02564553512482741
6.54,0.0,0.0,0.0,-0.06856473935778379,-0.041031195657134145,-0.00264637621209296,-0.04695891187862362,0.004430738459282907,-0.022485094233597763
6.5600000000000005,0.0,0.0,0.0,-0.0695102243694621,-0.04086617155024686,-0.003035273985524667,-0.06790392925560347,0.006301692361908265,-0.016756289543395808
6.58,0.0,0.0,0.0,-0.07084640856950564,-0.04071318365648864,-0.0033229601196135272,-0.035532691742065796,0.026255557666744672,-0.011677836664148011
6.6000000000000005,0.0,0.0,0.0,-0.0714809919985699,-0.03987784908951176,-0.0035073604118935897,-0.050922720822387225,0.04579343353573953,-0.0075835669501412295
6.62,0.0,0.0,0.0,-0.07246556986543008,-0.03924486460686622,-0.003650086589186863,-0.020685330715123143,0.027678274294752503,-0.00666588227674636
6.640000000000001,0.0,0.0,0.0,-0.07274525274907448,-0.03859676956763746,-0.0037754736240126485,-0.03284098837508899,0.0325061303138968,-0.006205705322788302
6.66,0.0,0.0,0.0,-0.07356212861538378,-0.0378988202024882,-0.0039084587042314545,-0.0042116539710868595,0.046975825660333696,-0.006918801997093715
6.68,0.0,0.0,0.0,-0.07321759630471228,-0.03713883957523752,-0.004078218135251055,0.014567898131008408,-0.01798805888253395,-0.013013481637115243
6.7,0.0,0.0,0.0,-0.07358622165146067,-0.037749773925600284,-0.00443777679287316,-0.02451870593012624,-0.021710043596319638,-0.021809662626877335
6.72,0.0,0.0,0.0,-0.07366402166187347,-0.03777707505540442,-0.004909283102313866,-0.008327919866155484,0.023205955373645185,-0.024718990183432155
6.74,0.0,0.0,0.0,-0.07443958128554734,-0.037208653852893514,-0.005422237246725858,-0.03802446688728743,0.02167600729070755,-0.026235156968168694
6.76,0.0,0.0,0.0,-0.07425260070196346,-0.03684873917010793,-0.005935291311075674,0.02340453243519497,0.015044483483170093,-0.02466134195621783
6.78,0.0,0.0,0.0,-0.07417742358583998,-0.037088091776122545,-0.0064226067245649054,0.0012104911307674986,-0.004122740973660079,-0.023169258278806337
6.8,0.0,0.0,0.0,-0.07348545176989577,-0.0362968851673253,-0.006834688995013771,0.04761685467564419,0.04688883205508972,-0.019275825467684804
6.82,0.0,0.0,0.0,-0.07301570253014014,-0.03618879886736952,-0.007240895371098288,-0.002203935609766859,-0.02629125222603644,-0.020662579319134844
6.84,0.0,0.0,0.0,-0.0726163180451393,-0.03699629866201123,-0.007637413559345552,0.04580479481851012,-0.02693431997335169,-0.017962543539987275
6.86,0.0,0.0,0.0,-0.07214026722593533,-0.037016896241110916,-0.00795012894918709,-0.01431577019043176,0.019555590414995487,-0.013710162523772329
6.88,0.0,0.0,0.0,-0.07212187034120121,-0.03661825149348256,-0.008198137830835173,0.04205592903383879,0.01483579924028863,-0.0111786331512862
6.9,0.0,0.0,0.0,-0.071038480498758,-0.037199501978803576,-0.008412134663228155,0.045789567414692596,-0.06369788718628923,-0.008859879364509604
6.92,0.0,0.0,0.0,-0.07071759178008316,-0.03755829154346334,-0.008468336303465593,-0.01968259677439442,0.018478614219064514,0.0024556121926031516
6.94,0.0,0.0,0.0,-0.07132735662087536,-0.03673341093561761,-0.008345213669668158,-0.001045051254103431,0.04673584897284053,0.009001045317214684
6.96,0.0,0.0,0.0,-0.07091744335007433,-0.03620641058216547,-0.00812282409974692,0.008653996948912435,0.007914276270554438,0.012988363749222298
6.98,0.0,0.0,0.0,-0.07031483696103102,-0.03583155073588169,-0.007845765716759996,0.10848562086832214,0.060835100598558775,0.014177583513240721
7.0,0.0,0.0,0.0,-0.06798150559432081,-0.03423837322918625,-0.007555349539038616,0.06515150482497226,0.06338384814799197,0.016161948335713605
7.0200000000000005,0.0,0.0,0.0,-0.06639728682857665,-0.03365205598956222,-0.007224343594701456,0.16676627110576908,0.0008045043470440577,0.015504516670558077
7.04,0.0,0.0,0.0,-0.06395173904031623,-0.033419885513261714,-0.006894157291189529,-0.007506929175954774,0.050353908767982375,0.021540346825097423
7.0600000000000005,0.0,0.0,0.0,-0.06258178137557119,-0.03179032750276914,-0.006402311517292106,0.23744426099957655,0.11220403925707,0.025020920702518712
7.08,0.0,0.0,0.0,-0.0614939569816676,-0.030523297241439984,-0.005877244254466674,-0.06324076266037612,-0.011546447330026945,0.026898751016321665
7.1000000000000005,0.0,0.0,0.0,-0.056456316201746515,-0.030981530800384356,-0.005439032282192474,0.35270358180483974,0.024709716606088557,0.017469574184578285
7.12,0.0,0.0,0.0,-0.05487703282531187,-0.029771836636729818,-0.005138086517990886,0.0029334480133652516,0.06831427586232977,0.011428976926665335
7.140000000000001,0.0,0.0,0.0,-0.054140047991934975,-0.028760122343189535,-0.005031786595418419,-0.09774366929545342,0.021334866116351388,0.0020940085374356876
7.16,0.0,0.0,0.0,-0.056610922295446925,-0.029309872593269008,-0.0054835993242168535,-0.01730913395309694,-0.08355207760114419,0.0017511689143847597
7.18,0.0,0.0,0.0,-0.05631107687985221,-0.030219784986425496,-0.005442013097350595,-0.03594565736522348,0.038564801819493996,0.004159326164167254
7.2,0.0,0.0,0.0,-0.05728545212558836,-0.028572694821944536,-0.00535663849309187,-0.014184126150491059,0.1145360249241946,0.0026645500490185547
7.22,0.0,0.0,0.0,-0.05699387435246733,-0.027464002632449407,-0.005415782341152586,0.012223236916023242,-0.025598181876405904,-0.009861146962538037
7.24,0.0,0.0,0.0,-0.05723535209018876,-0.028764981530336974,-0.005727603858485697,-0.02935480234286492,-0.08834561919984257,-0.020235587502552832
7.26,0.0,0.0,0.0,-0.05783133199053386,-0.029894839866230156,-0.006168818427721268,-0.02839740118799143,-0.009531702024972638,-0.022681707785670913
7.28,0.0,0.0,0.0,-0.05850664234101649,-0.029349631614451515,-0.006625403870951119,-0.02974483071194229,0.04299215331734513,-0.022913371201205623
7.3,0.0,0.0,0.0,-0.058426588699609316,-0.029335119857236268,-0.007061652851407807,0.019794944163485144,-0.033026056381501065,-0.019754728487124895
7.32,0.0,0.0,0.0,-0.05805158233599153,-0.030116505838957672,-0.007385912490059043,0.044558943295170975,-0.029605613601986533,-0.011934644224193325
7.34,0.0,0.0,0.0,-0.056406204722846326,-0.029993736637454586,-0.00751521236213909,0.09017225073469883,0.03795515673282429,-0.0010603215960712786
7.36,0.0,0.0,0.0,-0.05488070544718707,-0.02913859781686747,-0.007434981045035205,0.09327625034342493,0.02898234288211257,0.008238578256769435
7.38,0.0,0.0,0.0,-0.05235717111273694,-0.02897914102460422,-0.007203120040419897,0.12790324721494778,-0.0021593047563393253,0.015144398372701318
7.4,0.0,0.0,0.0,-0.050327166707287874,-0.028770646694695957,-0.0068203013971888105,0.10116973901142591,0.033411601655464834,0.022730206227833893
7.42,0.0,0.0,0.0,-0.0477642669891542,-0.027691979329020573,-0.006314822524193742,0.1331001451257134,0.06008412258915791,0.027675632260817817
7.44,0.0,0.0,0.0,-0.04565116795351298,-0.027164866346477745,-0.005717815329464859,0.09202885828110668,0.0027077368576854804,0.031857778787290625
7.46,0.0,0.0,0.0,-0.04315086387994088,-0.027411833861505915,-0.005081812997693058,0.13829318149977782,-0.016353809892508328,0.03195255744003364
7.48,0.0,0.0,0.0,-0.040714298267551186,-0.026445927816758204,-0.004365043884697384,0.08632000957920521,0.09967128115571253,0.039750980903644734
7.5,0.0,0.0,0.0,-0.03948799926938071,-0.02441206520996883,-0.003531979871428448,0.08025506832508504,0.06294342370909853,0.04068364140568351
7.5200000000000005,0.0,0.0,0.0,-0.03771433573944524,-0.024291204177472703,-0.002775357937866263,0.05979212173576219,-0.022258761298876675,0.03603050451615854
7.54,0.0,0.0,0.0,-0.03699880996766361,-0.024215161578469216,-0.002079922591858574,0.06076315530708625,0.058272872590801245,0.032913091443857956
7.5600000000000005,0.0,0.0,0.0,-0.035511019648308745,-0.022573567121793064,-0.0014649766602236602,0.06410437337320674,0.0718334069416619,0.02904935188349622
7.58,0.0,0.0,0.0,-0.034246168768202245,-0.022532122029762597,-0.000929594122767774,0.08065281876576041,-0.05062367476384298,0.024376251530901616
7.6000000000000005,0.0,0.0,0.0,-0.03258910846022081,-0.023483664888543254,-0.0004455423420390292,0.07793067103380383,0.006271562142834322,0.026383925014358656
7.62,0.0,0.0,0.0,-0.031553102189894155,-0.022225909015513128,0.0001476993313011543,0.03556270497020863,0.09304729995499855,0.031744218423685355
7.640000000000001,0.0,0.0,0.0,-0.030085041673029056,-0.021238299519184697,0.0007296642229525085,0.09531326454086134,-0.008469583431619503,0.02568048700914871
7.66,0.0,0.0,0.0,-0.029033584627755182,-0.02176140959237171,0.001215463900141378,0.012157129446972774,-0.018757837209026802,0.02332049393819846
7.68,0.0,0.0,0.0,-0.028060737136463537,-0.02091375338459188,0.0016463002178587205,0.07484650217767776,0.083950667105182,0.020079085642300765
7.7,0.0,0.0,0.0,-0.026872708205779028,-0.01938831554654065,0.0020203813259671577,0.053137862412350155,0.023443105218740747,0.016125361742010624
7.72,0.0,0.0,0.0,-0.02583928768371796,-0.019936082579525997,0.002288996743436078,0.03766474428962881,-0.05461572628800575,0.011878126215382534
7.74,0.0,0.0,0.0,-0.025209150543885922,-0.01998789100957843,0.0025570318813787907,0.03491920997222948,0.0750634352028634,0.016300154968501346
7.76,0.0,0.0,0.0,-0.02469093235660938,-0.01811432515464715,0.0029162790801436356,0.011724268838947248,0.08197764992768848,0.018929018242082707
7.78,0.0,0.0,0.0,-0.024316945996071204,-0.017834557244339584,0.0032779649212934525,0.016962051641187647,-0.03686902277640543,0.017748577658492026
7.8,0.0,0.0,0.0,-0.024217571430968227,-0.01842685820062962,0.003647613137739869,0.010141538411777975,0.02293076952761841,0.019242337613520677
7.82,0.0,0.0,0.0,-0.02398948480731042,-0.016966158323715612,0.004037325574294037,0.004862369519988141,0.100044439310111,0.019596064584329387
7.84,0.0,0.0,0.0,-0.02331124150276312,-0.015651345135228922,0.004373474926434695,0.06499530472544199,0.013165270655861969,0.013308289227683456
7.86,0.0,0.0,0.0,-0.02240039222426979,-0.01603611586170706,0.0046027053758024294,0.016143719675033263,-0.028764784205774094,0.010401314837268139
7.88,0.0,0.0,0.0,-0.022039155191759835,-0.015510290517917955,0.0047972399203771166,0.01826163707361602,0.0705461077528716,0.008935422391291858
7.9,0.0,0.0,0.0,-0.022013383503463824,-0.013972810532779795,0.00496451601627218,0.011155230678413078,0.052349935016504215,0.006823139313059334
7.92,0.0,0.0,0.0,-0.021225742850070395,-0.013865832386395906,0.0050638730651451636,0.03940870070225751,-0.02989541733918194,0.004029314452609123
7.94,0.0,0.0,0.0,-0.020789335620930827,-0.013984036023315768,0.005157861265157146,0.012819570935153752,0.05460434069576739,0.0053341285378261105
7.96,0.0,0.0,0.0,-0.021262769161789652,-0.01247892336178542,0.005266524031109006,-0.06952906052124758,0.07468364329174186,0.005688528932954018
7.98,0.0,0.0,0.0,-0.02213045391628761,-0.011918368965080813,0.005367167313470384,-0.003501932295851419,-0.020201854879869335,0.004879839431002342
8.0,0.0,0.0,0.0,-0.022420212657206284,-0.012725457711320234,0.005493639316407497,-0.03037173741421407,-0.011477447725365852,0.008681928238076564
8.02,0.0,0.0,0.0,-0.02316892972356141,-0.011804816918150395,0.005674089383895815,-0.05680465430558067,0.07798002148543716,0.008961860569645319
