t,p_des,r_des,y_des,p_act,r_act,y_act
0.02,0.0,0.0,0.0,0.023963691382292658,0.017660115234282906,0.029938380892621665
0.04,0.0,0.0,0.0,0.050842670251146624,0.04383602696932481,0.05332229231356493
0.06,0.0,0.0,0.0,0.08302825454805987,0.0542285500645493,0.06848752490055969
0.08,0.0,0.0,0.0,0.10708753708017743,0.060033478832408574,0.0764718628123551
0.1,0.0,0.0,0.0,0.13561666826157687,0.08511193037300306,0.07921332135927546
0.12,0.0,0.0,0.0,0.14577927449161682,0.09918696343221063,0.07670361347981144
0.14,0.0,0.0,0.0,0.15592627239152285,0.10332900988443894,0.06944217867686159
0.16,0.0,0.0,0.0,0.15660352910817163,0.10824852555069295,0.058594319059152994
0.18,0.0,0.0,0.0,0.15098119596278783,0.11696561331634822,0.04526440430043799
0.2,0.0,0.0,0.0,0.1404463488841526,0.1219447637001303,0.03023657993819473
0.22,0.0,0.0,0.0,0.12392957020396768,0.1188347580397986,0.013620365246039101
0.24,0.0,0.0,0.0,0.10168887777708904,0.1114524622510932,-0.004012266630605887
0.26,0.0,0.0,0.0,0.074739089571763,0.10407602391662557,-0.0219109729793579
0.28,0.0,0.0,0.0,0.041645161918209966,0.09345835021452616,-0.039488789185967044
0.3,0.0,0.0,0.0,0.004088835054887274,0.07686499190374216,-0.056438763216034527
0.32,0.0,0.0,0.0,-0.03609082737011232,0.05586343351539425,-0.07264115228932377
0.34,0.0,0.0,0.0,-0.07891854591282109,0.03339277626700325,-0.08786903193540518
0.36,0.0,0.0,0.0,-0.12078471208396184,0.011490217960583748,-0.1018847528055486
0.38,0.0,0.0,0.0,-0.1583013396136295,-0.009296276762453037,-0.11445030678843865
0.4,0.0,0.0,0.0,-0.18676392812007903,-0.027640843099355106,-0.12517009073666097
0.42,0.0,0.0,0.0,-0.20798557514983057,-0.04342196661027119,-0.13397404680279823
0.44,0.0,0.0,0.0,-0.21682170894855488,-0.052947210687046165,-0.14031365959404662
0.46,0.0,0.0,0.0,-0.2217813287322798,-0.058770828803924556,-0.14315819861197604
0.48,0.0,0.0,0.0,-0.21576854294814513,-0.05714332634392406,-0.14185938379289253
0.5,0.0,0.0,0.0,-0.20729035303511004,-0.05260748470717987,-0.13804711467095815
0.52,0.0,0.0,0.0,-0.19041752623200317,-0.04634674235191357,-0.13330237892328328
0.54,0.0,0.0,0.0,-0.17018626771235443,-0.04123811351014244,-0.1284888490879444
0.56,0.0,0.0,0.0,-0.14634203162621795,-0.036296692704918386,-0.12358172954988295
0.58,0.0,0.0,0.0,-0.11956877572680069,-0.029946912332609297,-0.11841827502403257
0.6,0.0,0.0,0.0,-0.09209639083218374,-0.02478664766220358,-0.11314128068473372
0.62,0.0,0.0,0.0,-0.06177112790404887,-0.02002204965225569,-0.10790269728013835
0.64,0.0,0.0,0.0,-0.03213958672498285,-0.016004448978316127,-0.10284982020713701
0.66,0.0,0.0,0.0,-0.0034466642352811994,-0.00991133105870183,-0.09809965308080137
0.68,0.0,0.0,0.0,0.02151193434387988,-0.0001871809034997861,-0.09364952100059021
0.7000000000000001,0.0,0.0,0.0,0.04346060966937662,0.005828345402702284,-0.08976541843432378
0.72,0.0,0.0,0.0,0.06065130476976835,0.002101959110819618,-0.0866710944409882
0.74,0.0,0.0,0.0,0.0681501499715309,-0.0011826023948664638,-0.08404547787449429
0.76,0.0,0.0,0.0,0.06270798091563398,0.001274107684757303,-0.08132728008384643
0.78,0.0,0.0,0.0,0.045700859024742746,0.0011036868172024372,-0.07853272692595425
0.8,0.0,0.0,0.0,0.01860606506139667,-0.004058211882951204,-0.07601045294603315
0.8200000000000001,0.0,0.0,0.0,-0.012907738031072633,-0.007919906682501282,-0.07443216054881652
0.84,0.0,0.0,0.0,-0.04572206792505397,-0.005287903177808771,-0.07414017493935529
0.86,0.0,0.0,0.0,-0.07787073204297612,-0.0006432978769164294,-0.07526540940378404
0.88,0.0,0.0,0.0,-0.10101271607198915,0.0010006611293180145,-0.07787487718870045
0.9,0.0,0.0,0.0,-0.11753000891742783,-0.0012769922020514444,-0.08178291776720994
0.92,0.0,0.0,0.0,-0.12441302972062437,-0.002217961873544773,-0.0864829813077103
0.9400000000000001,0.0,0.0,0.0,-0.12773347356149622,-0.004076030807911424,-0.09179195092825104
0.96,0.0,0.0,0.0,-0.1222400532427593,-0.007329587127114518,-0.09736981843789622
0.98,0.0,0.0,0.0,-0.11606680235073613,-0.013086464181196099,-0.10308842994856401
1.0,0.0,0.0,0.0,-0.10601668132244435,-0.016918237406876747,-0.10869667804817085
1.02,0.0,0.0,0.0,-0.09580613796631535,-0.019444981161282196,-0.11408919549210512
1.04,0.0,0.0,0.0,-0.08427062698300847,-0.022381841824054942,-0.11917511787780946
1.06,0.0,0.0,0.0,-0.07158811362142356,-0.026627319387944798,-0.12384956491649825
1.08,0.0,0.0,0.0,-0.05959673032425378,-0.030949171822830704,-0.12800462552082037
1.1,0.0,0.0,0.0,-0.047823162977436995,-0.03291475416639909,-0.1314684286253812
1.12,0.0,0.0,0.0,-0.037281461948149436,-0.03379299293787396,-0.134100799968674
1.1400000000000001,0.0,0.0,0.0,-0.02929384664724813,-0.03731942361096084,-0.13581472989436533
1.16,0.0,0.0,0.0,-0.0241826987139874,-0.04257106917108967,-0.13647618406766968
1.18,0.0,0.0,0.0,-0.022022200419334642,-0.04327793980550088,-0.13579021237880431
1.2,0.0,0.0,0.0,-0.02395855194343996,-0.036379907270724196,-0.13356807894564943
1.22,0.0,0.0,0.0,-0.027145565559199725,-0.028743510318775582,-0.1302029527914769
1.24,0.0,0.0,0.0,-0.028951175193239226,-0.029798729117434634,-0.1263075718240026
1.26,0.0,0.0,0.0,-0.03195655304472686,-0.03363953469614738,-0.12204751746895773
1.28,0.0,0.0,0.0,-0.03307640281231508,-0.02774960579864378,-0.11759300853712362
1.3,0.0,0.0,0.0,-0.03556360546449411,-0.015748774852490103,-0.11346607444890028
1.32,0.0,0.0,0.0,-0.032357639770273255,-0.013273387436077942,-0.11018303095655363
1.34,0.0,0.0,0.0,-0.031586432289857,-0.020984038365884368,-0.10762119966365802
1.36,0.0,0.0,0.0,-0.025973634166223225,-0.019591656601348317,-0.10542838674915683
1.3800000000000001,0.0,0.0,0.0,-0.021030220181975617,-0.006745464364542094,-0.10379630090939257
1.4000000000000001,0.0,0.0,0.0,-0.012134179251307747,-0.0007011724077361364,-0.1033980983672903
1.42,0.0,0.0,0.0,-0.004166639613874867,-0.009736797795432357,-0.10407593276823357
1.44,0.0,0.0,0.0,-0.00046979684727496696,-0.01765748925739491,-0.1050687956884544
1.46,0.0,0.0,0.0,0.006938904935730655,-0.009037443621601068,-0.10616538786786978
1.48,0.0,0.0,0.0,0.009620240560540977,0.0010984395916368225,-0.10771894935723814
1.5,0.0,0.0,0.0,0.020067614228534536,-0.0056464744213784515,-0.10948785981233516
1.52,0.0,0.0,0.0,0.0231687629506456,-0.015100762427521685,-0.11065571487526088
1.54,0.0,0.0,0.0,0.029863320721064096,-0.008319739248950329,-0.11091325837306537
1.56,0.0,0.0,0.0,0.032233004199829995,0.002259624475745209,-0.11101784689507382
1.58,0.0,0.0,0.0,0.03628332902941295,-0.0038846295571669867,-0.11133426816477898
1.6,0.0,0.0,0.0,0.03478157800355661,-0.015094021457344477,-0.11120471033112439
1.62,0.0,0.0,0.0,0.03206697868455263,-0.013390504698289108,-0.11001192237583468
1.6400000000000001,0.0,0.0,0.0,0.026132344277584485,-0.003154684414137344,-0.1080943477046587
1.6600000000000001,0.0,0.0,0.0,0.02226014073918592,0.0011297944738079893,-0.10585942700882095
1.68,0.0,0.0,0.0,0.018511968769691606,-0.002465737387231652,-0.10345870781278466
1.7,0.0,0.0,0.0,0.017642621595763214,-0.00264594908728657,-0.10083187934858046
1.72,0.0,0.0,0.0,0.019253854169813844,0.004870318913889744,-0.09803912871948756
1.74,0.0,0.0,0.0,0.023468138920214543,0.013123420479239593,-0.09523195131573986
1.76,0.0,0.0,0.0,0.03126129659481536,0.015992059952414817,-0.09257736082615317
1.78,0.0,0.0,0.0,0.0393484517978252,0.016568102819367034,-0.09002933382824935
1.8,0.0,0.0,0.0,0.05070048868673674,0.021228747097299716,-0.08758246048771079
1.82,0.0,0.0,0.0,0.06178649712980305,0.02811386776046597,-0.08525703042195229
1.84,0.0,0.0,0.0,0.07464068412508248,0.03307685000994654,-0.08315322422891477
1.86,0.0,0.0,0.0,0.08793435446239956,0.03471016136814151,-0.08132049031415681
1.8800000000000001,0.0,0.0,0.0,0.1005218802143553,0.036079346820336644,-0.07968011571252852
1.9000000000000001,0.0,0.0,0.0,0.11210515005239094,0.04236098329753429,-0.07810795525610417
1.92,0.0,0.0,0.0,0.12014221576372468,0.05093571313512902,-0.07667389775676386
1.94,0.0,0.0,0.0,0.1252052360445694,0.05146877543980518,-0.0754696749300804
1.96,0.0,0.0,0.0,0.12735304189086716,0.0418656773178276,-0.07453262336094343
1.98,0.0,0.0,0.0,0.12697680414249582,0.03571747097346826,-0.07401421038310335
2.0,0.0,0.0,0.0,0.12036103876790051,0.04316180422511076,-0.07378714379964425
2.02,0.0,0.0,0.016768951074963838,0.10345950133806764,0.03433347543241003,-0.07244888539216177
2.04,0.0,0.0,0.10635045287016535,0.07566990275516292,-0.0018442072337538748,-0.06446632390575002
2.06,0.0,0.0,0.2770186588765405,0.040499720370981505,-0.05308939044236591,-0.04557897097965996
2.08,0.0,0.0,0.4907124630357832,0.0027513486651199737,-0.11880480653783215,-0.01468282840599669
2.1,0.0,0.0,0.689512790911341,-0.035750003631045524,-0.1963902653851244,0.027655571826750103
2.12,0.0,0.0,0.8221198908594088,-0.07792995972304022,-0.26592700520197776,0.08130183645760568
2.14,0.0,0.0,0.8703306251999309,-0.1290762276730171,-0.3201351647983329,0.14674499039263514
2.16,0.0,0.0,0.8726646259971648,-0.1873540481055473,-0.3624802514441815,0.22354223295849449
2.18,0.0,0.0,0.8726646259971648,-0.23898834240838443,-0.4042103191439712,0.31011139389251596
2.2,0.0,0.0,0.8726646259971648,-0.2657991425499732,-0.42710176816268675,0.40508548030988945
2.22,0.0,0.0,0.8726646259971648,-0.2749555277091253,-0.4239412266653638,0.505561474809056
2.24,0.0,0.0,0.8726646259971648,-0.27300820017112004,-0.4026839789219146,0.6072390231129343
2.2600000000000002,0.0,0.0,0.8726646259971648,-0.24881234019457016,-0.3655779013394081,0.7073087739981673
2.2800000000000002,0.0,0.0,0.8726646259971648,-0.19415121284463846,-0.3197260294765701,0.8041663087351761
2.3000000000000003,0.0,0.0,0.8726646259971648,-0.11579028152980511,-0.25517711161531864,0.8937932016097991
2.32,0.0,0.0,0.8726646259971648,-0.030938175167915416,-0.18591877844733162,0.9709374333503491
2.34,0.0,0.0,0.8726646259971648,0.059773976139534,-0.13135471803950527,1.0336108409249474
2.36,0.0,0.0,0.8726646259971648,0.1459942116099981,-0.08163273930356425,1.0827553524319207
2.38,0.0,0.0,0.8726646259971648,0.22207599134438524,-0.02637325589631552,1.114741003809949
2.4,0.0,0.0,0.8726646259971648,0.2858801700366229,0.013357814004579652,1.1267979348434887
2.42,0.0,0.0,0.8726646259971648,0.3295615405117448,0.04518880188377586,1.1273285823059433
2.44,0.0,0.0,0.8726646259971648,0.3651399146837433,0.08486726870664886,1.1208869976352955
2.46,0.0,0.0,0.8726646259971648,0.3920427901175674,0.1372476576212736,1.1091623623969744
2.48,0.0,0.0,0.8726646259971648,0.393421712313468,0.1684025440721938,1.0944588953308299
2.5,0.0,0.0,0.8726646259971648,0.3709892017120065,0.1711725824889365,1.0762482235575328
2.52,0.0,0.0,0.8726646259971648,0.33083946428573013,0.1678330217198142,1.0531103472862333
2.54,0.0,0.0,0.8726646259971648,0.2807410969702407,0.17045736514202223,1.0260190951548918
2.56,0.0,0.0,0.8726646259971648,0.2207355374437389,0.15908320498999895,0.9962587546260261
2.58,0.0,0.0,0.8726646259971648,0.16060166909123297,0.1336227655258898,0.9632041856230529
2.6,0.0,0.0,0.8726646259971648,0.10065243580110547,0.10615464158557228,0.926512379019341
2.62,0.0,0.0,0.8726646259971648,0.04332750931963349,0.07927798238676802,0.8879031270709923
2.64,0.0,0.0,0.8726646259971648,-0.011077887726417636,0.04585144495302719,0.8488478955164005
2.66,0.0,0.0,0.8726646259971648,-0.05811046480465899,0.008211898958785727,0.8103079402719523
2.68,0.0,0.0,0.8726646259971648,-0.09417888765094361,-0.02946581497640638,0.772975139995838
2.7,0.0,0.0,0.8726646259971648,-0.12210892654918737,-0.06066858001974383,0.7377546241194574
2.72,0.0,0.0,0.8726646259971648,-0.13618264171630406,-0.08773338837645536,0.7058749401677584
2.74,0.0,0.0,0.8726646259971648,-0.14423575738890448,-0.11640182946708279,0.6779720941892365
2.7600000000000002,0.0,0.0,0.8726646259971648,-0.14134696209627917,-0.14490672817287883,0.6549311203603569
2.7800000000000002,0.0,0.0,0.8726646259971648,-0.13984916370893855,-0.1713890873207223,0.6371696109899604
2.8000000000000003,0.0,0.0,0.8726646259971648,-0.13437213749856478,-0.19765203553934252,0.6250129894888484
2.82,0.0,0.0,0.8726646259971648,-0.1320444018412268,-0.2182869535175209,0.6187342024718523
2.84,0.0,0.0,0.8726646259971648,-0.12824343598679178,-0.23741262729280396,0.6179692927272923
2.86,0.0,0.0,0.8726646259971648,-0.12565585395711404,-0.25290734440670887,0.6225831545968856
2.88,0.0,0.0,0.8726646259971648,-0.1231239114459163,-0.26536842791783954,0.6321320164794265
2.9,0.0,0.0,0.8726646259971648,-0.1164702376642124,-0.26768967666148075,0.6461740140272213
2.92,0.0,0.0,0.8726646259971648,-0.10302514293564938,-0.25316004027707745,0.6643647833762504
2.94,0.0,0.0,0.8726646259971648,-0.08347880636144109,-0.22775546548799036,0.6861992507659147
2.96,0.0,0.0,0.8726646259971648,-0.07021300063937633,-0.21361878013066274,0.7095241713279226
2.98,0.0,0.0,0.8726646259971648,-0.04991537043562658,-0.21314428688813525,0.7105314887985835
3.0,0.0,0.0,0.8726646259971648,-0.0395951077741825,-0.2135991360765523,0.6821478559465407
3.02,0.0,0.0,0.8726646259971648,-0.03145983854311058,-0.2173617361440755,0.6442709347856496
3.04,0.0,0.0,0.8726646259971648,-0.02667060133741898,-0.22244919675439295,0.6052588480870486
3.06,0.0,0.0,0.8726646259971648,-0.024960965626407584,-0.2297722581139,0.5676847737188669
3.08,0.0,0.0,0.8726646259971648,-0.02632677799849504,-0.23889371952134839,0.5324901934596906
3.1,0.0,0.0,0.8726646259971648,-0.03057887001142999,-0.24672487288348577,0.4999175030151292
3.12,0.0,0.0,0.8726646259971648,-0.0353745204788689,-0.25545579881200603,0.4695823720300024
3.14,0.0,0.0,0.8726646259971648,-0.040727188855205335,-0.26719204529191043,0.44115119172436323
3.16,0.0,0.0,0.8726646259971648,-0.045570495610533265,-0.2808575973339488,0.41434746170442954
3.18,0.0,0.0,0.8726646259971648,-0.04839873145908238,-0.29541991517234384,0.38903794914796136
3.2,0.0,0.0,0.8726646259971648,-0.050191208029955116,-0.3082300873779046,0.3647024809772044
3.22,0.0,0.0,0.8726646259971648,-0.05117685485226523,-0.3196913779338412,0.34101237794900147
3.24,0.0,0.0,0.8726646259971648,-0.052570946813511925,-0.3337615458845774,0.3177039872771137
3.2600000000000002,0.0,0.0,0.8726646259971648,-0.055757263947305014,-0.3498448222198709,0.2953316077591386
3.2800000000000002,0.0,0.0,0.8726646259971648,-0.059741675329933006,-0.36780951585476807,0.27448317269785566
3.3000000000000003,0.0,0.0,0.8726646259971648,-0.06538688731838806,-0.3867818112698348,0.2551901503038703
3.3200000000000003,0.0,0.0,0.8726646259971648,-0.07420862982114479,-0.41167327771844464,0.23715798145736472
3.34,0.0,0.0,0.8726646259971648,-0.09025371061819883,-0.4489461441467583,0.21959244302756098
3.36,0.0,0.0,0.8726646259971648,-0.11191645581261306,-0.4830002598624984,0.20368045564246084
3.38,0.0,0.0,0.8726646259971648,-0.1355013890557195,-0.5108795104185067,0.19026590827000844
3.4,0.0,0.0,0.8726646259971648,-0.16162520871912883,-0.5360059104512189,0.17952435950719464
3.42,0.0,0.0,0.8726646259971648,-0.18900574980256846,-0.5605511628629862,0.17135986800090908
3.44,0.0,0.0,0.8726646259971648,-0.21631468114319935,-0.5842915525231359,0.16556405858070644
3.46,0.0,0.0,0.8726646259971648,-0.24100159487236839,-0.6071712499227409,0.1619663409115813
3.48,0.0,0.0,0.8726646259971648,-0.26235946934649507,-0.6306906822885201,0.15998151049603532
3.5,0.0,0.0,0.8726646259971648,-0.2832791589846829,-0.6536375021204196,0.15927577905066725
3.52,0.0,0.0,0.8726646259971648,-0.30265747705725915,-0.6627590761379462,0.1604820097988065
3.54,0.0,0.0,0.8726646259971648,-0.31646467470541706,-0.6624898586203622,0.1635356554662728
3.56,0.0,0.0,0.8726646259971648,-0.3253168019976998,-0.659062707503022,0.1683311675527161
3.58,0.0,0.0,0.8726646259971648,-0.32952826971177157,-0.6547229780591519,0.1748473954015159
3.6,0.0,0.0,0.8726646259971648,-0.3296795370690422,-0.6503250630771367,0.18313760717574185
3.62,0.0,0.0,0.8726646259971648,-0.3262410486553864,-0.6467352535404536,0.1929826411133566
3.64,0.0,0.0,0.8726646259971648,-0.32262880482148665,-0.6437037231502487,0.20408268331534007
3.66,0.0,0.0,0.8726646259971648,-0.321052021436284,-0.641042540883284,0.21679783804136876
3.68,0.0,0.0,0.8726646259971648,-0.32170432154209716,-0.6390288428161564,0.23154230914575802
3.7,0.0,0.0,0.8726646259971648,-0.3232831841913772,-0.6375467001377262,0.24850022781975423
3.72,0.0,0.0,0.8726646259971648,-0.3243561548077514,-0.636113027240431,0.2676058033221967
3.74,0.0,0.0,0.8726646259971648,-0.323989488171057,-0.6344561771783921,0.28849527311564155
3.7600000000000002,0.0,0.0,0.8726646259971648,-0.3220004032096483,-0.632613915499316,0.31082005874952806
3.7800000000000002,0.0,0.0,0.8726646259971648,-0.3172665915997494,-0.6306774255253529,0.3345735567229192
3.8000000000000003,0.0,0.0,0.8726646259971648,-0.30856342933253844,-0.6298852715203805,0.3595542310914259
3.8200000000000003,0.0,0.0,0.8726646259971648,-0.2953693247787936,-0.6298477210818588,0.3854121130468918
3.84,0.0,0.0,0.8726646259971648,-0.2792909968872351,-0.628447193910193,0.41210910468572837
3.86,0.0,0.0,0.8726646259971648,-0.2603950665582891,-0.6259366487379883,0.43948528220160843
3.88,0.0,0.0,0.8726646259971648,-0.236636190882989,-0.6223012078363388,0.46692054006821626
3.9,0.0,0.0,0.8726646259971648,-0.21396675718127556,-0.6173101300456078,0.4948951030833768
3.92,0.0,0.0,0.8726646259971648,-0.18830086601518417,-0.613222964160197,0.5229608204733892
3.94,0.0,0.0,0.8726646259971648,-0.16286332568802264,-0.6091492291539543,0.5515392045748967
3.96,0.0,0.0,0.8726646259971648,-0.13560347658388794,-0.6010472356707123,0.5807430359771045
3.98,0.0,0.0,0.8726646259971648,-0.11668112814709217,-0.590147975939243,0.6116842117607414
4.0,0.0,0.0,0.8726646259971648,-0.08776142159709828,-0.5746419697969407,0.6427976790180334
4.0200000000000005,0.0,0.0,0.0,-0.047158397910631894,-0.5345021042808811,0.6747353350751297
