t,p_des,r_des,y_des,p_act,r_act,y_act,p_vel,r_vel,y_vel
0.02,0.0,0.0,0.0,0.02630486364022766,0.01924043390305726,0.03009462594274583,2.1003871153022606,1.9043142405494078,1.3715951379805904
0.04,0.0,0.0,0.0,0.0495120621861942,0.0413741506730549,0.052393259886693355,1.04661029957606,0.991530906764063,0.8382444862901953
0.06,0.0,0.0,0.0,0.0830726094435145,0.051424236882442034,0.06331280846167718,1.0765502221254477,0.16691475179877796,0.28327144521086356
0.08,0.0,0.0,0.0,0.09800690137903682,0.06045012763303864,0.06522273841400275,0.963646363753986,0.7863174976055983,-0.0783300472191153
0.1,0.0,0.0,0.0,0.10598071850439457,0.07094427993271317,0.06040931988659777,-0.19601229581002919,0.18722199145377277,-0.3886215579898904
0.12,0.0,0.0,0.0,0.09851360831289564,0.07092711158060613,0.050336839542810236,-0.6672904823727172,-0.17860720408037006,-0.6038393452834174
0.14,0.0,0.0,0.0,0.07797407426599517,0.06547702098437183,0.03711818905761405,-1.165455066363684,-0.38349932648727947,-0.7022571094715933
0.16,0.0,0.0,0.0,0.0546376307950391,0.05821920940601307,0.022455151829517767,-1.210211787262703,-0.4378846444400172,-0.7582463617710555
0.18,0.0,0.0,0.0,0.030172843782022424,0.04796366520910319,0.007064134601860728,-1.1400508702876362,-0.6033287218268195,-0.7721076256022628
0.2,0.0,0.0,0.0,0.009016885564653396,0.03459858216702094,-0.008182760822483148,-1.0171579214819586,-0.7051062567481001,-0.7472107300977553
0.22,0.0,0.0,0.0,-0.010608311872551096,0.02072984338701344,-0.022569015366159406,-0.9345514073649257,-0.664946332052232,-0.687743016047283
0.24,0.0,0.0,0.0,-0.027888579388895218,0.008165619644957975,-0.03547946736883456,-0.7932388037713927,-0.5933709005218646,-0.598785009677955
0.26,0.0,0.0,0.0,-0.042292383993288496,-0.0032796479616744173,-0.04634852716287896,-0.6417785902773414,-0.5582372350539534,-0.48603301942486166
0.28,0.0,0.0,0.0,-0.05322450411310725,-0.013717256887576662,-0.05483315019155849,-0.4457290776896136,-0.4674813275468217,-0.36387186331509946
0.3,0.0,0.0,0.0,-0.060391747903770665,-0.021339371661790188,-0.06090974299189533,-0.29387738344881875,-0.2806626838682148,-0.24604914529139765
0.32,0.0,0.0,0.0,-0.06481796250848576,-0.024874399572713583,-0.06473988376100881,-0.13387834156703005,-0.09078053386342116,-0.14107432691005062
0.34,0.0,0.0,0.0,-0.06623345191389476,-0.025871469524593856,-0.06667036225527773,-0.02464387956087105,-0.028013047438581767,-0.055381040163213324
0.36,0.0,0.0,0.0,-0.06502008815941437,-0.025562733478385377,-0.06705812465863625,0.14911380845405453,0.06814360253278162,0.012949515574201431
0.38,0.0,0.0,0.0,-0.06157646657771432,-0.023661800778735628,-0.06624502683222983,0.18255980903662328,0.11721832689745953,0.06593951482293547
0.4,0.0,0.0,0.0,-0.05642033967607343,-0.020481109066092698,-0.06452741918863908,0.331635135829962,0.18782799265964506,0.10238562990310462
0.42,0.0,0.0,0.0,-0.04969183126384802,-0.017121642081655522,-0.06224273862348845,0.32327522281404303,0.13712446460536648,0.12420610470140758
0.44,0.0,0.0,0.0,-0.04257871681112049,-0.014108362775922097,-0.05960608572694781,0.4037266063360727,0.17568218719835121,0.13760387127939372
0.46,0.0,0.0,0.0,-0.03442376819741286,-0.010604375763427803,-0.05681896080640214,0.3875494867523146,0.16408041863765677,0.1391935511660456
0.48,0.0,0.0,0.0,-0.027061161599483796,-0.007736937597489654,-0.05409675461469915,0.36266563045628974,0.13339530153200202,0.13192501618516694
0.5,0.0,0.0,0.0,-0.01997153071190297,-0.005211030096213619,-0.05159206013758727,0.3134805741200941,0.12445887371826606,0.11746624085616007
0.52,0.0,0.0,0.0,-0.014620499717915736,-0.0029314616357746896,-0.04943516781829299,0.24994531958182098,0.09446994078896905,0.09731625225594911
0.54,0.0,0.0,0.0,-0.009853039657554047,-0.0014117486587587845,-0.04774413569541036,0.18169901464743132,0.03287586414671205,0.07082157245200682
0.56,0.0,0.0,0.0,-0.007409487789990843,-0.0009098506121208161,-0.04655995463688656,0.10850128860063074,-0.0004927020734445398,0.046792027717245666
0.58,0.0,0.0,0.0,-0.006240572535777256,-0.0011237438872821366,-0.04586879936531052,-0.031276493343396106,-0.05901428301422168,0.022895380555310207
0.6,0.0,0.0,0.0,-0.006826038348875907,-0.0020145841277575786,-0.045599046418224154,0.07660280042692486,-0.022724561131701716,0.003553856512631126
0.62,0.0,0.0,0.0,-0.0065576780165024495,-0.0035145534069931927,-0.045676443315671944,-0.1264349919627309,-0.12891086443135752,-0.006108896554131715
0.64,0.0,0.0,0.0,-0.010099115884756094,-0.006038569237768295,-0.045809483472923795,-0.18284207451354922,-0.10243842057443574,-0.00810599737391604
0.66,0.0,0.0,0.0,-0.015114829882516403,-0.008312962651299872,-0.04603525960943544,-0.3205091364329402,-0.11278929272955052,-0.014565147303218673
0.68,0.0,0.0,0.0,-0.019086693928135043,-0.009658342591918594,-0.04634996389908069,-0.10019432476675252,-0.028151060623173525,-0.016479444435643753
0.7000000000000001,0.0,0.0,0.0,-0.0230298086314511,-0.011068143369871622,-0.04670165254555786,-0.19304252771080926,-0.08367810033746967,-0.017548558511209844
0.72,0.0,0.0,0.0,-0.02188491157750723,-0.011409017043821298,-0.04698776365468038,0.08410421748673078,0.007010895168439793,-0.010455037422362423
0.74,0.0,0.0,0.0,-0.0231272922101083,-0.01171994560564547,-0.04699783533165919,-0.008066186339981435,0.009613440105993604,0.009189909108348715
0.76,0.0,0.0,0.0,-0.021109407723725604,-0.010715302691372903,-0.04670156681756377,-0.013164936820512452,0.0360748923811702,0.01903754251472356
0.78,0.0,0.0,0.0,-0.0223173122174605,-0.010184353185890158,-0.04622905310486125,0.0665202606655822,0.05042797941407318,0.026825244977847884
0.8,0.0,0.0,0.0,-0.020401722745623185,-0.0090810528621969,-0.04571869474840212,-0.02387562875665325,0.04127986080244935,0.0234828731141834
0.8200000000000001,0.0,0.0,0.0,-0.020941517232716977,-0.008095889203500545,-0.045296671945205536,0.08406381960925696,0.09103396895926573,0.017956948033242215
0.84,0.0,0.0,0.0,-0.019745615346250245,-0.0065255831701516685,-0.04507660978318437,-0.04894571341127568,0.04596993021626537,0.003803177884984299
0.86,0.0,0.0,0.0,-0.01911461725483135,-0.006205769265326521,-0.045103649022982056,0.19201427676040544,0.009583604561474918,-0.005083646817859222
0.88,0.0,0.0,0.0,-0.016759304678465897,-0.005868782009884839,-0.045265466436979235,-0.0045694142786026765,0.012400678552020403,-0.009221773238370812
0.9,0.0,0.0,0.0,-0.01639180794022374,-0.005038540752042433,-0.04543006066314245,0.07641272273373785,0.06959750273745055,-0.007393341090355499
0.92,0.0,0.0,0.0,-0.015828196637594077,-0.004479010882314505,-0.04556731478117665,-0.03575229922107759,-0.018187375407366257,-0.005057575904373834
0.9400000000000001,0.0,0.0,0.0,-0.016102312814230385,-0.005554570415792114,-0.045630400037517976,0.02399007285904685,-0.06805063833897435,-0.0014865520162670176
0.96,0.0,0.0,0.0,-0.016055515893776323,-0.006519581217936426,-0.04564571220778725,-0.03590329084726099,-0.016694874274444244,-0.000215082513894016
0.98,0.0,0.0,0.0,-0.016751487015278954,-0.006091843070079452,-0.04564481380226228,-0.004159507912230534,0.045854689531474896,0.0004120269066769655
1.0,0.0,0.0,0.0,-0.016250011774065237,-0.006002092922369709,-0.04566783798186994,0.026402914558089616,-0.052355490611919596,-0.003956286632589734
1.02,0.0,0.0,0.0,-0.016089818372843068,-0.0074490294519638026,-0.045788166075744305,0.01917958908855167,-0.06341503322629997,-0.0065279005235272525
1.04,0.0,0.0,0.0,-0.015012841393894916,-0.007626887514961475,-0.04587481741443951,0.056310338270544304,0.030496806420604178,-0.0026003704350792134
1.06,0.0,0.0,0.0,-0.014199670277201704,-0.007504214616288262,-0.04591429950483078,0.045200007993134575,-0.024222156226779812,-0.0004957608032662986
1.08,0.0,0.0,0.0,-0.01286206451609151,-0.00836515826909432,-0.04588451886566068,0.06857213320861484,-0.05145510428936949,0.003507283397705896
1.1,0.0,0.0,0.0,-0.011731189539631565,-0.00898804957795491,-0.04575214897480499,0.06144254585894948,0.0042870851011275884,0.010427964573235471
1.12,0.0,0.0,0.0,-0.010267445670478131,-0.00836058626318292,-0.04546560302125005,0.0769900289721916,0.03880612581156441,0.018123146545121482
1.1400000000000001,0.0,0.0,0.0,-0.008707565133493883,-0.008078917241976803,-0.045014930365216144,0.08756014739124965,-0.006511351862793641,0.026613441.16,0.0,0.01.16,0.0,0.0,0.0,-0.006400406715729279,-0.00826723584739691,-0.04441093508997623,0.1295852586572291,0.0003261684759364447,0.03365041685622083
1.18,0.0,0.0,0.0,-0.004084012392262831,-0.007753053475860359,-0.04366822491355282,0.09972723267040888,0.052452322057174636,0.0402493292143713
1.2,0.0,0.0,0.0,-0.002001829015069817,-0.006476615839903933,-0.04282278307947074,0.11934234125932676,0.057731032607133206,0.04384466168075907
1.22,0.0,0.0,0.0,0.00028640491411655034,-0.005727220796369677,-0.04192039006576004,0.09573282347642541,0.024334304995439662,0.046131063714896614
1.24,0.0,0.0,0.0,0.002366659837357149,-0.00512470358788265,-0.04099529049244577,0.1305148470362663,0.04356174028907489,0.0457426009011912
1.26,0.0,0.0,0.0,0.004894780820178274,-0.003936718547899223,-0.04010292528750975,0.1071034811314976,0.06841748847254443,0.04334507131156684
1.28,0.0,0.0,0.0,0.006782819019777342,-0.0028198753112547307,-0.03926055035913356,0.09682630587253307,0.04010718931479916,0.040558759436198466
1.3,0.0,0.0,0.0,0.00863946039854882,-0.002260722477459242,-0.03848680760569623,0.07555202397916798,0.021954367977839714,0.036909702033365965
1.32,0.0,0.0,0.0,0.009861639809809947,-0.0017191161438573858,-0.037771897936317966,0.0665163483677599,0.03578679912329938,0.03519421993586891
1.34,0.0,0.0,0.0,0.011138064042209045,-0.0009460803002454346,-0.03707060826691394,0.048898062885286864,0.030031092221224825,0.035115173853569104
1.36,0.0,0.0,0.0,0.011806431072970455,-0.0006491734271543009,-0.03636195907215062,0.04052615690727812,-0.00021093876974478953,0.035448752081883916
1.3800000000000001,0.0,0.0,0.0,0.012878859211940319,-0.0007427164270187789,-0.035652923479196685,0.049405611260078995,0.0011715005791098076,0.03605996649753518
1.4000000000000001,0.0,0.0,0.0,0.013404460449963171,-0.0003447315608216886,-0.034901792669360776,0.01787772080673139,0.0361283661287308,0.038704889821884414
1.42,0.0,0.0,0.0,0.014171045782409117,0.00022071162662947244,-0.03414390727462252,0.04093061726732322,0.01298416849584072,0.03697206475871062
1.44,0.0,0.0,0.0,0.014421745548698961,0.00026880795558483633,-0.0334138091819538,0.003758801811736336,0.000497927796575981,0.03580352352179367
1.46,0.0,0.0,0.0,0.015337960369130405,0.00039120007667358195,-0.032731386547377395,0.06068781793493158,0.013657811346433096,0.03269187957474737
1.48,0.0,0.0,0.0,0.016017353104044257,0.0006944368030891261,-0.03209395884811245,0.023163341611738646,0.005992865526162405,0.031016008193748237
1.5,0.0,0.0,0.0,0.017200601741141228,0.0005604629653847559,-0.03150335251984043,0.07111835232069089,-0.012528938936078843,0.02850669953496903
1.52,0.0,0.0,0.0,0.017932354233893513,0.00047164104170856896,-0.03093705705999039,0.010144684822917605,0.006417620470067054,0.028218023506590667
1.54,0.0,0.0,0.0,0.018990218460625416,0.0007744194147003905,-0.030387253115175317,0.07708332857131889,0.015612875487325109,0.02712259972540393
1.56,0.0,0.0,0.0,0.01999075995479993,0.0008676605006832858,-0.029823952746876548,0.02067680620745798,-0.007590656374234089,0.029570553703786084
1.58,0.0,0.0,0.0,0.021103690589328483,0.0005581202526483905,-0.02922392595919293,0.08592689532654421,-0.015552347220733283,0.030473117824911578
1.6,0.0,0.0,0.0,0.022328497006160006,0.00048243932676161894,-0.0285846116980204,0.026700603807935274,0.01086851147176792,0.03372272751310551
1.62,0.0,0.0,0.0,0.023350285406509755,0.0009414618484162793,-0.027902151666137687,0.0834624897120632,0.02674203242174357,0.03407417286038239
1.6400000000000001,0.0,0.0,0.0,0.024687814681160075,0.0013979716815955834,-0.027202517477958543,0.03414214929172128,0.016999402084438474,0.03643815338654155
1.6600000000000001,0.0,0.0,0.0,0.025579868927219335,0.00159466680866871,-0.02646315995378662,0.0780617361478302,0.005946555164668858,0.03679805269839054
1.68,0.0,0.0,0.0,0.026952129569225422,0.0017852742714857886,-0.02571480196707382,0.03685634478364296,0.015340269346913633,0.038563793525100976
1.7,0.0,0.0,0.0,0.027685130917081385,0.0022953787341576937,-0.024934545746670256,0.06974194028791308,0.03302406980314357,0.038444856079759115
1.72,0.0,0.0,0.0,0.029159651434620473,0.0029747455012450116,-0.024170922097889735,0.053473700003557466,0.03344022551627189,0.03849182549593899
1.74,0.0,0.0,0.0,0.02989041925025511,0.0034876047464423438,-0.023394890924715528,0.043772686167858704,0.017043839703110124,0.038344286656176285
1.76,0.0,0.0,0.0,0.03082897252423414,0.003792963448742512,-0.022638243545325454,0.030977946857182886,0.016848149248757854,0.03781812065666035
1.78,0.0,0.0,0.0,0.031101745313027326,0.004317289741326433,-0.021877236596773764,0.02482509731756892,0.03618571515021072,0.037756949020777864
1.8,0.0,0.0,0.0,0.03200213093205498,0.005046515574186925,-0.021137925047577166,0.04426299528530559,0.03405211821274778,0.036456472662314
1.82,0.0,0.0,0.0,0.03244753524945032,0.005570080333229761,-0.020421706089468028,0.004775621349984757,0.019982364486556534,0.03528610566510526
1.84,0.0,0.0,0.0,0.03260388598402385,0.0060640897206282116,-0.019730139051371137,0.006849217256387416,0.030616392291085807,0.034014465449299314
1.86,0.0,0.0,0.0,0.03250282959034567,0.006720719275587962,-0.019051230302534333,-0.008567017162672719,0.03162628137811593,0.033814847570406315
1.8800000000000001,0.0,0.0,0.0,0.03263107650653756,0.00721253368257271,-0.01838517020510727,0.010581616830613656,0.01941894223826969,0.0329615355464723
1.9000000000000001,0.0,0.0,0.0,0.03267118337671103,0.007637149615015042,-0.017743878640354205,-0.0071364211745258005,0.026209490844406713,0.0308980764389577
1.92,0.0,0.0,0.0,0.03235970086908982,0.008283531300823821,-0.017154033478635186,-0.022472619455988913,0.035956718345998236,0.028243725502782313
1.94,0.0,0.0,0.0,0.032154440550231214,0.008890425522697115,-0.016619875810942306,-0.00025436884178073327,0.02215576943205981,0.025108687292093146
1.96,0.0,0.0,0.0,0.03205250977736088,0.009146870059922048,-0.016156873687430413,-0.013067478355069134,0.008336144561869811,0.020999255148758778
1.98,0.0,0.0,0.0,0.03154386232261429,0.00938398566657226,-0.015776038109265623,-0.037804823264451476,0.01802308738643848,0.017233626829989523
2.0,0.0,0.0,0.8726646259971648,0.024570900602462045,-0.015046253479501701,-0.014390116728502184,-0.5688082459939344,-2.3390264431858245,0.1813257546245315
2.02,0.0,0.0,0.8726646259971648,0.009507958283598753,-0.06773166145796235,-0.006471581656710239,-1.081451106160244,-2.2124646850335887,0.6638962322700752
2.04,0.0,0.0,0.8726646259971648,-0.018308432640094477,-0.10559577891901488,0.013562277202635503,-1.7383031709530752,-1.535372901849101,1.3573509961282666
2.06,0.0,0.0,0.8726646259971648,-0.06056198504190298,-0.13544127675259965,0.04795572345115462,-2.3658488300428564,-1.5428908573623457,2.0693859924317946
2.08,0.0,0.0,0.8726646259971648,-0.10655723680059655,-0.16858055743245118,0.09623444938884146,-2.00584352346165,-1.715944997278739,2.753616771435528
2.1,0.0,0.0,0.8726646259971648,-0.13296377689473948,-0.1914709466166425,0.15831589425999884,-0.6170166805266826,-0.3879822951307974,3.4380129773304695
2.12,0.0,0.0,0.8726646259971648,-0.14356183393775632,-0.19146592586178765,0.23247158626270964,-0.5068736363078874,0.20520742256538416,3.936866664091153
2.14,0.0,0.0,0.8726646259971648,-0.14379750043306588,-0.18268734263179998,0.31393060705804,0.6471661960075743,0.7347443045203653,4.16103311657887
2.16,0.0,0.0,0.8726646259971648,-0.12300240247334554,-0.16335179023144908,0.3976739298937335,1.380203974081359,1.1986241944025484,4.180790348201746
2.18,0.0,0.0,0.8726646259971648,-0.08895217087959764,-0.1350188081411107,0.47996139770456736,1.9466685349991688,1.5967105364205716,4.026892988158414
2.2,0.0,0.0,0.8726646259971648,-0.048481327776969674,-0.10149296241218142,0.5579398859836158,2.0883502509487863,1.6998619208745454,3.7516068351004406
2.22,0.0,0.0,0.8726646259971648,-0.006157453338811791,-0.06873303706803559,0.6293454760073744,2.0879977397786775,1.5610210730828609,3.383029557592282
2.24,0.0,0.0,0.8726646259971648,0.03403701936398035,-0.038805291129166725,0.6929115213449639,1.9379644097027626,1.4403548266183064,2.9679512680471003
2.2600000000000002,0.0,0.0,0.8726646259971648,0.07112444310050645,-0.010715517286582224,0.7478351052907435,1.7583440445341312,1.352.2800000000000002,0.0,0.0,0.8726642.2800000000000002,0.0,0.0,0.8726646259971648,0.1035205840719764,0.013942598099569645,0.7937619570996767,1.4285461108546456,1.114437977541031,2.072093382956812
2.3000000000000003,0.0,0.0,0.8726646259971648,0.12716341620599703,0.03320733769267136,0.8307677859709824,0.9528880672479452,0.8322241191825721,1.6385574229134496
2.32,0.0,0.0,0.8726646259971648,0.1409698112457718,0.04756284953211573,0.8596300547504598,0.42810351886427167,0.6632873582748013,1.2621954577849341
2.34,0.0,0.0,0.8726646259971648,0.14489471589756192,0.05882337979385906,0.881690353954806,-0.018694254168795554,0.4802396774439124,0.9558754424076066
2.36,0.0,0.0,0.8726646259971648,0.14032542405494117,0.06677996260955393,0.8982880392396748,-0.4198874609062646,0.3054907465822051,0.718288413306977
2.38,0.0,0.0,0.8726646259971648,0.129185574573081,0.0708159149917339,0.9108247031823782,-0.6708542320931314,0.11255871439383613,0.5453544976256764
2.4,0.0,0.0,0.8726646259971648,0.11399418962535861,0.07168417095822854,0.9202842165869152,-0.8346380904550221,-0.04879413052350923,0.4041574499134055
2.42,0.0,0.0,0.8726646259971648,0.09606101437995872,0.06757278034552275,0.9270266394495869,-0.9008659578376332,-0.3346966270640081,0.2720011515418877
2.44,0.0,0.0,0.8726646259971648,0.07887407023516754,0.05914143256443992,0.9311951417879903,-0.9233979103256669,-0.49019237218899325,0.14433272340031547
2.46,0.0,0.0,0.8726646259971648,0.05962581668121558,0.04878025698191944,0.9328634110831057,-0.8781067514038967,-0.5584238040827068,0.026049620579929184
2.48,0.0,0.0,0.8726646259971648,0.04397756698943146,0.037970000726702785,0.9322110912379094,-0.7690629095661101,-0.460405145330369,-0.08683461257201215
2.5,0.0,0.0,0.8726646259971648,0.031242442927773673,0.02822894754512248,0.9297875537174742,-0.513419648337851,-0.4953249075298308,-0.15154633193597697
2.52,0.0,0.0,0.8726646259971648,0.018201171866649588,0.017051332628065685,0.9262362848707699,-0.6402636805478533,-0.6741662818287855,-0.19223308702471628
2.54,0.0,0.0,0.8726646259971648,0.009755595718350177,0.0029014667720501236,0.9222325340470466,-0.45735899071499475,-0.545035793552255,-0.21412890224352588
2.56,0.0,0.0,0.8726646259971648,0.0019107151263522831,-0.0071831486022554125,0.9179372366567563,-0.13464089225081133,-0.5248837553898617,-0.2098343915023499
2.58,0.0,0.0,0.8726646259971648,0.0008341610416703338,-0.01572378279757551,0.9137521362563952,-0.1259116066786909,-0.2934600009603877,-0.20383877086207663
2.6,0.0,0.0,0.8726646259971648,0.003906365246436672,-0.021667909892653124,0.910054430957594,0.332056672582842,-0.34084460295910796,-0.1694570849463644
2.62,0.0,0.0,0.8726646259971648,0.00648059005289528,-0.022914533474558706,0.9072079105883546,0.0478161047018234,0.12379549728467823,-0.10491125484299413
2.64,0.0,0.0,0.8726646259971648,0.010725516301309801,-0.023533893772557435,0.9058013566494826,0.1598559175297377,-0.15224215410234287,-0.04230857561092172
2.66,0.0,0.0,0.8726646259971648,0.013327551384488275,-0.02673099141839351,0.9054874169123848,0.32800036590503534,-0.2656224972817317,0.0139734753556372
2.68,0.0,0.0,0.8726646259971648,0.020134601395192187,-0.02713432442031173,0.9063862871741304,0.07407530111318517,0.2946972428568341,0.07887924966311421
2.7,0.0,0.0,0.8726646259971648,0.023389849263568106,-0.022737297194785566,0.9086921262189611,0.37100841423710534,0.02143139778398731,0.14718343011132173
2.72,0.0,0.0,0.8726646259971648,0.026862346787600504,-0.02291850889253138,0.9118660738767224,-0.0031619055552983832,-0.03956633611700176,0.16560695163369665
2.74,0.0,0.0,0.8726646259971648,0.028961839158752688,-0.024101816464068636,0.9153478802205586,0.08656450332895438,0.08464360611668381,0.18204523650661653
2.7600000000000002,0.0,0.0,0.8726646259971648,0.027280101129899682,-0.020236754856235536,0.9192340965587729,0.03154271138607412,0.14061251146480075,0.20799387383495516
2.7800000000000002,0.0,0.0,0.8726646259971648,0.02949793110547578,-0.01983387090727786,0.9234643907536562,-0.09490912053922607,0.020322992939840988,0.2080687874200131
2.8000000000000003,0.0,0.0,0.8726646259971648,0.02970672789320735,-0.02079735464590461,0.9273877363780252,0.30924306550580144,-0.12175773280380714,0.14844677884716218
2.82,0.0,0.0,0.8726646259971648,0.032297056895440795,-0.020067170212593056,0.9247601030562318,-0.060199132787559395,0.11548557695176268,-0.5232346809447741
2.84,0.0,0.0,0.8726646259971648,0.030845263452573914,-0.02223224406745681,0.905851091072218,-0.10911580708081181,-0.2848355449218262,-1.3004602538150167
2.86,0.0,0.0,0.8726646259971648,0.02456754320219061,-0.030184011826914083,0.875446485176423,-0.49858176016146455,-0.5531993395047812,-1.6786854120728267
2.88,0.0,0.0,0.8726646259971648,0.01255265079253512,-0.042668934839684175,0.8405333882441286,-0.7032721949334596,-0.657255230748425,-1.7832298263495883
2.9,0.0,0.0,0.8726646259971648,-0.0036410509740709973,-0.057021084125274075,0.8048147537777863,-0.8959599026418361,-0.8305881412361766,-1.780109167588267
2.92,0.0,0.0,0.8726646259971648,-0.02131699707257613,-0.07734201153746251,0.7695216462695414,-0.8151303853417087,-1.1264012592284771,-1.7425577698023205
2.94,0.0,0.0,0.8726646259971648,-0.03630443911965189,-0.0997180943937932,0.7354089600879474,-0.7197303057937964,-1.051981683669067,-1.6633457720407057
2.96,0.0,0.0,0.8726646259971648,-0.050293372353809374,-0.11978076738762657,0.7031042460893671,-0.6507155100841909,-0.9971764078642548,-1.5668042595379363
2.98,0.0,0.0,0.8726646259971648,-0.06198551413275792,-0.13981285433265642,0.6727533116923056,-0.5199089113088918,-1.0024558775559813,-1.4707800768565384
3.0,0.0,0.0,0.8726646259971648,-0.06990628677309979,-0.160671608835483,0.6440610056128516,-0.25173935079973614,-1.1052422748329374,-1.4069706253455856
3.02,0.0,0.0,0.8726646259971648,-0.07331921654102416,-0.1834420387948018,0.6161704889018098,-0.11738995338073377,-1.273740547243959,-1.4002879815829352
3.04,0.0,0.0,0.8726646259971648,-0.07662554435810273,-0.21058264223916212,0.5876890816000219,-0.2713800604382791,-1.3461396494718572,-1.4458410443618146
3.06,0.0,0.0,0.8726646259971648,-0.08490906325220143,-0.23630114864863688,0.5584044240861338,-0.48469941356440494,-1.2746455846291072,-1.4800351114065682
3.08,0.0,0.0,0.8726646259971648,-0.09337492559768013,-0.2636750631112356,0.5286521644705511,-0.47605323313257675,-1.3279180548675291,-1.4834064373738758
3.1,0.0,0.0,0.8726646259971648,-0.10386756618704038,-0.28891540818312067,0.4991847003780504,-0.5070382133221809,-1.2431275873380814,-1.459840386146136
3.12,0.0,0.0,0.8726646259971648,-0.11302141301265325,-0.31316845852910474,0.4704179441235795,-0.40602668473868586,-1.1813939852862896,-1.417680880879377
3.14,0.0,0.0,0.8726646259971648,-0.1206701538116355,-0.3359369699077823,0.4425435991321095,-0.36328816913431994,-1.0822997958280138,-1.3679731220076117
3.16,0.0,0.0,0.8726646259971648,-0.12735576843430618,-0.35610313884586076,0.41566988227525015,-0.31329651259440483,-0.9347936258021322,-1.3229741749681072
3.18,0.0,0.0,0.8726646259971648,-0.13384683679789022,-0.37255884450351934,0.3896146941046517,-0.3420572352430433,-0.6949273598865043,-1.2814733419278979
3.2,0.0,0.0,0.8726646259971648,-0.14085999548199374,-0.3840247624722566,0.36445063182444426,-0.35523019188044797,-0.46073464039074014,-1.2337414712052681
3.22,0.0,0.0,0.8726646259971648,-0.14758611016467968,-0.39151048739887306,0.3403624468476883,-0.27879219892233187,-0.39769033109001156,-1.1778540640587583
3.24,0.0,0.0,0.8726646259971648,-0.1516996704347286,-0.400264565768231,0.31744017030418226,-0.1334258587196083,-0.4153016296555552,-1.1118163031959847
3.2600000000000002,0.0,0.0,0.8726646259971648,-0.15259526979151078,-0.40797216579806905,0.2959001138383937,0.047754070638291374,-0.3657539311147845,-1.042329337751734
3.2800000000000002,0.0,0.0,0.8726646259971648,-0.14984021179800996,-0.4154108469921305,0.2757359876222047,0.21833154666842491,-0.3797687578979184,-0.9744279914304539
3.3000000000000003,0.0,0.0,0.8726646259971648,-0.14413059087895855,-0.4231633040517584,0.2569475588498471,0.345477317693787,-0.3965683280938195,-0.9041206743920877
3.3200000000000003,0.0,0.0,0.8726646259971648,-0.13628436363932792,-0.4314190813602815,0.23961773005103676,0.43411414093503.34,0.0,0.0,0.8726646259971648,-0.13030967443.34,0.0,0.0,0.8726646259971648,-0.12696797072803784,-0.4407965551085359,0.22384400707106,0.4918752660183995,-0.49107779420684766,-0.7485202994358031
3.36,0.0,0.0,0.8726646259971648,-0.11695595611822382,-0.45122826239982544,0.20959489249677948,0.4698125514050865,-0.5481873922158107,-0.6771357933023092
3.38,0.0,0.0,0.8726646259971648,-0.10883610852049672,-0.4625943662244456,0.1968700626875965,0.3418846414352439,-0.5936037001479973,-0.5931270173045871
3.4,0.0,0.0,0.8726646259971648,-0.1031869049430608,-0.4747867663427268,0.18604081632568248,0.24730597255590236,-0.6196861645880536,-0.48675120882410844
3.42,0.0,0.0,0.8726646259971648,-0.09813020750720931,-0.48751046829215694,0.1773535120288724,0.2496682440036558,-0.6563246545579351,-0.38855155712517897
3.44,0.0,0.0,0.8726646259971648,-0.09452307519257863,-0.5005537949727862,0.17041912167754636,0.09263668676896736,-0.6325684581982084,-0.30403207884869465
3.46,0.0,0.0,0.8726646259971648,-0.09426965248443668,-0.5124302518531632,0.16536845253372218,-0.03403223174284292,-0.5684348870183754,-0.19942756416228433
3.48,0.0,0.0,0.8726646259971648,-0.09554047980719241,-0.5237538177884794,0.16237783879030193,-0.10638078349505745,-0.5538316121194893,-0.09978941686287215
3.5,0.0,0.0,0.8726646259971648,-0.09830071500277764,-0.534280808457098,0.16137965678185873,-0.16442324398176428,-0.49366514862743816,-0.000706880392702458
3.52,0.0,0.0,0.8726646259971648,-0.10055318860050148,-0.5435405875854693,0.16229212740022275,-0.1116483386607782,-0.4228805673910502,0.09825172593331896
3.54,0.0,0.0,0.8726646259971648,-0.10252521639984623,-0.5515759574077563,0.16516682459028803,-0.03799121433094113,-0.3899384565706665,0.18204867408791478
3.56,0.0,0.0,0.8726646259971648,-0.10359851951020835,-0.558428846437422,0.16974457022172712,-0.12206675659180788,-0.292419170925447,0.28025064459197463
3.58,0.0,0.0,0.8726646259971648,-0.10681087027612751,-0.5637681886585086,0.17627325449591713,-0.19360887805166416,-0.24279171804650324,0.3716207099713313
3.6,0.0,0.0,0.8726646259971648,-0.11160363159045672,-0.5680345969538408,0.18464880461663885,-0.29065539237459975,-0.1716646813032612,0.46912750601660713
3.62,0.0,0.0,0.8726646259971648,-0.1172547500734149,-0.5706832673672187,0.1951793280926334,-0.24143741890223225,-0.12029564785313882,0.5819574146785518
3.64,0.0,0.0,0.8726646259971648,-0.12058161596444675,-0.5733301146382025,0.2078663718450573,-0.08194002110690027,-0.15124722629699694,0.6830441918845447
3.66,0.0,0.0,0.8726646259971648,-0.12040754048335547,-0.5768610213890891,0.22238078147525991,0.09946885251123835,-0.20643400232783557,0.7634866783179445
3.68,0.0,0.0,0.8726646259971648,-0.11751822006169266,-0.5817890907920038,0.2382140114196719,0.1547504235219377,-0.2736106955249816,0.8194381208486735
3.7,0.0,0.0,0.8726646259971648,-0.11480345242893875,-0.5874707783395712,0.25521574035012634,0.11084054329693153,-0.2889960748432439,0.882588781903269
3.72,0.0,0.0,0.8726646259971648,-0.11314708432123124,-0.5930647005860672,0.27367849668198824,0.07486494655185076,-0.2666439967015424,0.9677845625917256
3.74,0.0,0.0,0.8726646259971648,-0.11092072887728587,-0.5982007316587986,0.2939488329745404,0.1554366535722497,-0.242509236829344,1.0572884647707788
3.7600000000000002,0.0,0.0,0.8726646259971648,-0.10681057525492288,-0.6025684589475091,0.3158845247254768,0.2544658519933967,-0.19066747494269165,1.1331837618731375
3.7800000000000002,0.0,0.0,0.8726646259971648,-0.10076772602689198,-0.6055799428013492,0.33919443584985065,0.3474654312475977,-0.10610271483029488,1.1956311580095371
3.8000000000000003,0.0,0.0,0.8726646259971648,-0.09301786585978453,-0.6069031727408453,0.36365770640830103,0.42377613098366745,-0.031079656207041992,1.249129044649349
3.8200000000000003,0.0,0.0,0.8726646259971648,-0.08399335197408675,-0.6062969944374065,0.389211901696019,0.4763016364755721,0.06639870185419983,1.305085226475955
3.84,0.0,0.0,0.8726646259971648,-0.0730725619748949,-0.6070912308442582,0.41558987971395456,0.6154259657033236,-0.1546561218860218,1.3319294291582953
3.86,0.0,0.0,0.8726646259971648,-0.060086141221559725,-0.6106578820573086,0.44262327174360894,0.666016472699904,-0.1491427458837727,1.3736993647331566
3.88,0.0,0.0,0.8726646259971648,-0.046857387025225614,-0.6124192112382448,0.47054274758004705,0.6487672847622581,-0.03122004744622383,1.4169897811188212
3.9,0.0,0.0,0.8726646259971648,-0.03439360523051663,-0.6123410178609195,0.4992575704624971,0.5934800253446396,0.031044772996178846,1.4534247099022453
3.92,0.0,0.0,0.8726646259971648,-0.02293020562903144,-0.6111055657597729,0.528661603736224,0.5792741318454938,0.06447231460244342,1.4839491544771948
3.94,0.0,0.0,0.8726646259971648,-0.01112169042526903,-0.6112776791318789,0.558562881729864,0.5857039106378819,-0.04392088180014904,1.5087168417402126
3.96,0.0,0.0,0.8726646259971648,0.00013625515286329066,-0.6120854577407013,0.5890133287896404,0.5321969971599135,-0.020599383718653025,1.5363951876593471
3.98,0.0,0.0,0.8726646259971648,0.009834736146393441,-0.6106107897291054,0.6200449063184953,0.4526277851252436,0.1596534784971408,1.5604493064407743
4.0,0.0,0.0,0.8726646259971648,0.018733709705558692,-0.6062627458594636,0.6511529155292471,0.4218284161598191,0.24787388239455374,1.5458435736072638
4.0200000000000005,0.0,0.0,0.8726646259971648,0.027827444276882725,-0.6006092782319401,0.6816493863918207,0.42967597641854816,0.38404590092439056,1.513787566657544
4.04,0.0,0.0,0.8726646259971648,0.03572490620802935,-0.5904466459710577,0.7117182847593808,0.4742734521461041,0.6600842548569686,1.4836467488741905
4.0600000000000005,0.0,0.0,0.8726646259971648,0.04307754385685246,-0.5766863312057693,0.741411562441827,0.22583157825093914,0.6832422738322818,1.4877405399495414
4.08,0.0,0.0,0.8726646259971648,0.05091776048696643,-0.5597090791323442,0.77076365158587,0.4767321837427746,0.9738261322033821,1.4573753723333143
4.1,0.0,0.0,0.8726646259971648,0.055335683725243744,-0.5423589885155496,0.8001066751328714,0.2649636154445454,0.9006546125257049,1.4497994493531154
4.12,0.0,0.0,0.8726646259971648,0.06410196009312263,-0.5216320148613788,0.8286939080622889,0.5108503508826467,1.1189988848817365,1.416597987821464
4.14,0.0,0.0,0.8726646259971648,0.0730925080861077,-0.4995068014835333,0.8567986858776518,0.42872192747295534,1.130752190641258,1.3901972677061942
4.16,0.0,0.0,0.8726646259971648,0.0812670270214185,-0.4752086925360368,0.8843490944839312,0.3817836219330515,1.3233332868816294,1.3671570218336446
4.18,0.0,0.0,0.8726646259971648,0.08874048609398691,-0.444954548369785,0.9116123373041336,0.43673658025732187,1.6667772568346646,1.3478505878192057
4.2,0.0,0.0,0.8726646259971648,0.1043993092498765,-0.40903243762383223,0.9375683451331603,1.1848557133880186,2.145947244010432,1.2527467779206103
4.22,0.0,0.0,0.8726646259971648,0.13175467361720192,-0.3545540834111711,0.961989626764894,1.277349061388022,3.0014742954989218,1.186617182644107
4.24,0.0,0.0,0.8726646259971648,0.14994638811538205,-0.29656907358009366,0.9848855294593912,0.631158521584011,2.5601041798015713,1.0887500301535604
4.26,0.0,0.0,0.8726646259971648,0.15906803882098977,-0.2556071881954717,1.0055605650701547,0.3186254694411305,1.6532444973991955,0.9905860040865052
4.28,0.0,0.0,0.8726646259971648,0.16447467919491687,-0.22545400434133356,1.0246650179057046,0.22477710759148695,1.457225747252667,0.9216202828551124
4.3,0.0,0.0,0.8726646259971648,0.1723144261232655,-0.19542364402811335,1.0419900964892603,0.8056484120360754,1.5812641096312157,0.7918887359953425
4.32,0.0,0.0,0.8726646259971648,0.19398250997746616,-0.15753760891972746,1.056708576438056,1.1175796930424995,2.470291745876594,0.7003666732088945
4.34,0.0,0.0,0.8726646259971648,0.2114588285075521,-0.11154799468556677,1.0698099666132068,0.543112909289218,1.9756319604140018,0.6149177367187619
4.36,0.0,0.0,0.8726646259971648,0.22072612963118837,-0.07907059275840722,1.0810851932420373,0.41016728318014484,1.3355000769531946,0.5165056814605483
4.38,0.0,0.0,0.8726646259971648,0.22503295824967423,-0.05273032665035514,1.0907597174192003,0.14645233796107887,1.2122457611758715,0.4432927349016176
4.4,0.0,0.0,0.8726646259971648,0.22881083277814768,-0.029511192972236602,1.0985967135277643,0.237844047674.42,0.0,0.0,0.8726646259971648,0.23395814434.42,0.0,0.0,0.8726646259971648,0.23515751268881713,-0.002730070970553042,1.1042076974928932,0.32505602174971565,1.5023838177003688,0.2244966927870329
4.44,0.0,0.0,0.8726646259971648,0.24206363919244123,0.027261789432991172,1.1074918851281548,0.36588708792660846,1.4444525911052144,0.10420572649540491
4.46,0.0,0.0,0.8726646259971648,0.24872880805598102,0.0538629640217152,1.1083634618845342,0.2685350337937366,1.1670470673541478,-0.015119847243555251
4.48,0.0,0.0,0.8726646259971648,0.2530881166629194,0.0740310520706164,1.1068438259311553,0.17673599596616812,0.8762112280712792,-0.13674171827709947
4.5,0.0,0.0,0.8726646259971648,0.2545431982980746,0.08852125539168022,1.1029303164834006,0.000702826018521896,0.5945731524372372,-0.2536717034211577
4.5200000000000005,0.0,0.0,0.8726646259971648,0.2528472334774859,0.09778408450930152,1.096736590915499,-0.17313315390071332,0.2990736131938738,-0.3627128043197269
4.54,0.0,0.0,0.8726646259971648,0.24893286250962982,0.10123250983353368,1.0883814106363228,-0.2333788885564988,0.05414048188444211,-0.4711871256406628
4.5600000000000005,0.0,0.0,0.8726646259971648,0.24385059956586616,0.10094367269482865,1.0778775412675579,-0.26623936124609066,-0.08509857686522143,-0.5767536661934232
4.58,0.0,0.0,0.8726646259971648,0.2373120972217636,0.09767125138907465,1.0653830198697116,-0.4016985700392244,-0.23753666517438482,-0.6706075266350691
4.6000000000000005,0.0,0.0,0.8726646259971648,0.22763605068323167,0.09151578157688586,1.051098094878127,-0.5629224255725356,-0.3758610022848716,-0.7555572477785306
4.62,0.0,0.0,0.8726646259971648,0.2152024077574874,0.08267159350687793,1.035215397726149,-0.6613195909943019,-0.5036206733255175,-0.8312555496008822
4.64,0.0,0.0,0.8726646259971648,0.2007444275078623,0.07127288843626353,1.0179332862394017,-0.79118596967458,-0.6356707377998614,-0.893434932448234
4.66,0.0,0.0,0.8726646259971648,0.18362115132432472,0.057609136605603524,0.9995962384824606,-0.9127986487417925,-0.7154901454735454,-0.9365207883209313
4.68,0.0,0.0,0.8726646259971648,0.164516846391496,0.04324999661128445,0.980612785478217,-0.9904090228683975,-0.7062091734018929,-0.9578153857880757
4.7,0.0,0.0,0.8726646259971648,0.14419112996441627,0.029886001914292054,0.9614385404472395,-1.0467904275320943,-0.6266054182036829,-0.9552499980392433
4.72,0.0,0.0,0.8726646259971648,0.12301580143928212,0.01632417330876261,0.9425688834072725,-1.004114613738561,-0.7958780863459596,-0.9302608193970154
4.74,0.0,0.0,0.8726646259971648,0.10455061399671509,0.00014281658531273278,0.9243826321985306,-0.8521527651981314,-0.7499346886790251,-0.8841951310188291
4.76,0.0,0.0,0.8726646259971648,0.08843847339686764,-0.012545290097128153,0.9073500462165711,-0.7427844745911987,-0.5427931609931663,-0.8181046730129002
4.78,0.0,0.0,0.8726646259971648,0.07680771984728542,-0.023216742423399384,0.8916629733304355,-0.5421143981858586,-0.49298619951429934,-0.7434986619783829
4.8,0.0,0.0,0.8726646259971648,0.0688260822387961,-0.03326589766665983,0.8775728890797824,-0.35281399372622263,-0.5045936979833301,-0.6587714872838676
4.82,0.0,0.0,0.8726646259971648,0.06218834687023202,-0.04402204317586167,0.8654202414422014,-0.24687106382648877,-0.5688721660796989,-0.558588224214976
4.84,0.0,0.0,0.8726646259971648,0.05988958196122824,-0.05534763240736579,0.8552426632921759,-0.11369671317788416,-0.6167738776239573,-0.45418145844421265
4.86,0.0,0.0,0.8726646259971648,0.05912359372199517,-0.06782177302876619,0.8469097162178472,0.04754311676512259,-0.5898275629560689,-0.4101303274756789
4.88,0.0,0.0,0.8726646259971648,0.05753939614869112,-0.08213479420831557,0.8361897055120764,-0.10289602758349235,-0.7858827522294023,-0.7447144471179343
4.9,0.0,0.0,0.8726646259971648,0.05581409083860036,-0.09709349901545236,0.8156999055049754,-0.06870232544218759,-0.6921021133078047,-1.2819468732035624
4.92,0.0,0.0,0.8726646259971648,0.05448001042120843,-0.10998539021996481,0.7864940546143894,-0.08293256854261491,-0.617537725775336,-1.5924674186205106
4.94,0.0,0.0,0.8726646259971648,0.053053005091144946,-0.1209924261620566,0.753327271028118,-0.05576034799224361,-0.4735035709735343,-1.6981467395172758
4.96,0.0,0.0,0.8726646259971648,0.052329630386781095,-0.12884115706203292,0.719242839796122,-0.017083266695659183,-0.31618067377274617,-1.6990728816769098
4.98,0.0,0.0,0.8726646259971648,0.05235288933227377,-0.13376218896609027,0.6856603487411712,0.01877327542533977,-0.18303960205394992,-1.655822105133109
5.0,0.0,0.0,0.0,0.059924746470671524,-0.1284521345702457,0.653039175360308,0.7108415334533847,0.809150554999184,-1.5950063898523639
5.0200000000000005,0.0,0.0,0.0,0.07006680027686474,-0.10992435998471659,0.6221271954019495,0.30044382658935953,0.9011783229847276,-1.5088182636353504
5.04,0.0,0.0,0.0,0.07435367383860005,-0.0904204285506052,0.5923672915914623,0.13900910212846598,1.13008439049661,-1.4754223010585448
5.0600000000000005,0.0,0.0,0.0,0.0746492471209891,-0.06931329297872713,0.5626587202057517,-0.06342631320142822,0.9695769503598952,-1.4947757007541405
5.08,0.0,0.0,0.0,0.07165391099364382,-0.04934086943751101,0.5329291671961938,-0.18972440767670207,1.0887289019981283,-1.4760012872499264
5.1000000000000005,0.0,0.0,0.0,0.0680042271653679,-0.02641041825950549,0.5035029162307724,-0.18731286660972107,1.1001524312978759,-1.471855381728679
5.12,0.0,0.0,0.0,0.06361323395402181,-0.006593991719698267,0.47414149966703456,-0.2645540711851988,0.9577077089025575,-1.4506284915216758
5.14,0.0,0.0,0.0,0.05870400123699341,0.013915141304079032,0.4458593482668992,-0.21776095056622102,1.0766718579953463,-1.3758328871510903
5.16,0.0,0.0,0.0,0.056032700930049716,0.036451410630029435,0.4189225498447404,-0.03143273976062794,1.0954587479303677,-1.3324691583544048
5.18,0.0,0.0,0.0,0.054580051573623944,0.05699896622514039,0.39235576395206834,-0.0423125999629147,0.9156293104062282,-1.3245152059433745
5.2,0.0,0.0,0.0,0.05369601477727624,0.07453719008641596,0.3662198671290125,-0.07176319124371822,0.9202597056248889,-1.2780678278337685
5.22,0.0,0.0,0.0,0.0529389956486349,0.09242364272804893,0.34129220534057947,-0.01462663697004718,0.8770795430475491,-1.201904777927187
5.24,0.0,0.0,0.0,0.05355712940673782,0.10793861210606963,0.318208842791051,0.09342625588029718,0.6414053603928646,-1.1168272485636668
5.26,0.0,0.0,0.0,0.05469535642719091,0.11755268945753927,0.29623340740382653,-0.04489231703882013,0.4442502369131922,-1.085539846484603
5.28,0.0,0.0,0.0,0.05353819856645721,0.12879633341020325,0.27525551153793776,0.0065329341113250505,0.7203236147615127,-0.9927790082990192
5.3,0.0,0.0,0.0,0.054430512216470474,0.14334278735757494,0.2565760943539735,0.04181700645843578,0.7796320794150364,-0.8798122354065779
5.32,0.0,0.0,0.0,0.05603640036563583,0.15484696674790144,0.23968981869116557,0.10077408263329923,0.4428558647475851,-0.8162988146381752
5.34,0.0,0.0,0.0,0.05744846167029616,0.16258627108826026,0.22389511170494814,0.03193093280458004,0.33948369890034313,-0.7611038723423573
5.36,0.0,0.0,0.0,0.05713753942102917,0.16971750886545153,0.20944151276872708,-0.07652756286966689,0.3715066260886217,-0.6818590823890577
5.38,0.0,0.0,0.0,0.05465202026411925,0.17811828905715482,0.19686660307153425,-0.15447372092896938,0.3798439049815896,-0.5765134197534258
5.4,0.0,0.0,0.0,0.051206954101214786,0.18519397963569154,0.18626008888462553,-0.1474421965350946,0.35555604280281217,-0.4843257168451314
5.42,0.0,0.0,0.0,0.05010066083012005,0.19272414798357226,0.1775555937916538,-0.05414076397943812,0.6374100024323492,-0.38654646682258365
5.44,0.0,0.0,0.0,0.04920358695222088,0.20618520396426632,0.1709024455779185,-0.0021469902428412624,0.6212290727199472,-0.2854305189202052
5.46,0.0,0.0,0.0,0.04979894156676193,0.219500550253627,0.16586439160897054,0.06263287120416966,0.7393583489626718,-0.22032627613145273
5.48,0.0,0.0,0.0,0.05367072632794112,0.23468536476170723,0.1622809410350226,0.34479289064418905,0.7517659197791549,-0.13685405168828355
5.5,0.0,0.0,0.0,0.06297277755107816,0.24997544133865732,0.16035409288776759,0.5313891387214194,0.6725312764079342,-0.05710215777651581
5.5200000000000005,0.0,0.0,0.0,0.07900385454857306,0.26184031947352215,0.16102059019282106,1.216342465.54,0.0,0.0,0.0,0.09811740321217596,0.28060366535.54,0.0,0.0,0.0,0.10227455286932122,0.28641490981128853,0.1639758755440086,0.8000665960489277,0.8806131656105686,0.1421842474302658
5.5600000000000005,0.0,0.0,0.0,0.11969662020949301,0.291576990401727,0.1682143086056867,0.8656128608693245,-0.046776726352982904,0.2581810261119181
5.58,0.0,0.0,0.0,0.13723313620311767,0.2974183292482817,0.17422481477188273,0.9430416299214155,0.6831748907565204,0.34388477995417865
5.6000000000000005,0.0,0.0,0.0,0.15603549969466202,0.31278547243512234,0.1813956883500022,0.8107191321852957,0.61768659786704,0.3589760857942363
5.62,0.0,0.0,0.0,0.17239773355369756,0.32033540031554997,0.18912726580451145,0.853126368417685,0.2259057464485538,0.41552436111247754
5.64,0.0,0.0,0.0,0.19123501223079487,0.3283409196796101,0.19795891759746065,1.0191028281101486,0.6540073959401079,0.463670352285504
5.66,0.0,0.0,0.0,0.21157993705382727,0.34339030964622824,0.20752300790509154,0.9949963488483613,0.7376092003823832,0.4918230033273429
5.68,0.0,0.0,0.0,0.2313090479645069,0.3552647543836039,0.21763071095351022,0.9905060543386877,0.4780583061720114,0.5128392219615759
5.7,0.0,0.0,0.0,0.2517540705448848,0.36562368266494855,0.22762891629947785,1.0516416939642572,0.6190345647408769,0.47829305251484416
5.72,0.0,0.0,0.0,0.2722314773108011,0.37898616116144,0.23640127665620625,0.9748815903233116,0.6574823204533176,0.3909568665135824
5.74,0.0,0.0,0.0,0.2904040044666206,0.3899325957489357,0.24297944987928005,0.8488813009332967,0.41536260310865,0.2643003195904313
5.76,0.0,0.0,0.0,0.3064459152032196,0.39640682349923084,0.2468204036439673,0.7136726436556126,0.3107315217475721,0.10783893150848689
5.78,0.0,0.0,0.0,0.3182189534481866,0.4025776650774142,0.24715082653129172,0.49622198992611405,0.2406276807681455,-0.06385329675778584
5.8,0.0,0.0,0.0,0.3257306733503168,0.40472038634609564,0.24432735334673011,0.22724820112200322,-0.04729922845850412,-0.2197692814841301
5.82,0.0,0.0,0.0,0.3286792708396863,0.4014274744306641,0.23850434446312646,0.026672621702784616,-0.24548126893181813,-0.3691096964543048
5.84,0.0,0.0,0.0,0.32674110120341915,0.3964180578620758,0.22946092399803186,-0.17803044033108517,-0.30483422053239273,-0.5215559911792651
5.86,0.0,0.0,0.0,0.32109374384805267,0.3893249896257209,0.2177313967396635,-0.45451289005281187,-0.4803218273341544,-0.6516417206902239
5.88,0.0,0.0,0.0,0.31068293804569713,0.3771303250351905,0.2037510848817789,-0.536029672293125,-0.7030032898091946,-0.7386956436920753
5.9,0.0,0.0,0.0,0.2992984418751211,0.36433302217244873,0.1884067593969324,-0.6615426790325837,-0.5758402650674547,-0.7854607255376356
5.92,0.0,0.0,0.0,0.2841845432227329,0.35217220800314525,0.1727219179864365,-0.8144783842448114,-0.6686332540859964,-0.7745879334177428
5.94,0.0,0.0,0.0,0.26735191270248637,0.336834610081716,0.15757726988173493,-0.8740329077603533,-0.8363248051322012,-0.7424263183622071
5.96,0.0,0.0,0.0,0.24961289283011742,0.3198683102892148,0.14301245087796677,-0.8838275043998715,-0.8174006885086129,-0.7137073521758421
5.98,0.0,0.0,0.0,0.23202878029209112,0.3047195214144048,0.12906536895506607,-0.8779297763840119,-0.6981454365306003,-0.680328927976251
6.0,0.0,0.0,0.0,0.21470269454398655,0.29093857348697044,0.1158772366283935,-0.841094600999923,-0.7112746216305803,-0.6374445189252118
6.0200000000000005,0.0,0.0,0.0,0.19845324458067842,0.2761734526470458,0.10352558259961782,-0.7793241380149627,-0.7574057225224773,-0.5987793593233999
6.04,0.0,0.0,0.0,0.18388402650697874,0.26211753254304665,0.09195701477467517,-0.697957267825302,-0.6352976504527383,-0.5593976053119147
6.0600000000000005,0.0,0.0,0.0,0.1700445362095065,0.25058619211434896,0.08114385129628109,-0.6760532870665608,-0.5370744908375327,-0.5211684186213668
6.08,0.0,0.0,0.0,0.15739538927716842,0.23989417447453465,0.07113101021924334,-0.6023891109328414,-0.5339505862422985,-0.48226498358009584
6.1000000000000005,0.0,0.0,0.0,0.1458672239003263,0.22952553294567474,0.06183754268910606,-0.5271778828764481,-0.4883280769019802,-0.4462460460781219
6.12,0.0,0.0,0.0,0.13591653914480215,0.22059498286514137,0.053246517569257135,-0.491618316505984,-0.411306922347464,-0.4143195484369018
6.140000000000001,0.0,0.0,0.0,0.12611747572001566,0.21257478529741913,0.045277685649198485,-0.4635813854094959,-0.40787673206175196,-0.38146388817670207
6.16,0.0,0.0,0.0,0.11747104232341904,0.20445576780772998,0.03797673920492456,-0.4221686102167738,-0.399302183295553,-0.35012053446873415
6.18,0.0,0.0,0.0,0.1089725649745021,0.19687393178847712,0.03127268285183213,-0.41086990958280184,-0.345946277172609,-0.3193685695043218
6.2,0.0,0.0,0.0,0.10115602426936163,0.1904499257094751,0.025207997549815786,-0.38282748739505057,-0.30889236211114823,-0.2881788586025902
6.22,0.0,0.0,0.0,0.09360805912633738,0.18417583543798072,0.019719620682177363,-0.36337136150956917,-0.32313601011516174,-0.26086818197581874
6.24,0.0,0.0,0.0,0.08706713268165006,0.1781114574230373,0.014766739957348285,-0.30503127932667584,-0.2770625225383532,-0.23602109428103923
6.26,0.0,0.0,0.0,0.08064343750926797,0.1727357318295511,0.01024236862279121,-0.33508302008346863,-0.26728310225749846,-0.21630831903349845
6.28,0.0,0.0,0.0,0.07462598103767142,0.1674085075542356,0.006146062754828652,-0.2756122486215437,-0.2670239489190625,-0.19472904549679426
6.3,0.0,0.0,0.0,0.06911811718636707,0.16196510330309535,0.0023850703232136117,-0.2791608692968351,-0.2677087062078209,-0.18318806505152063
6.32,0.0,0.0,0.0,0.06333666197568766,0.15697189721338656,-0.001223366499801315,-0.3010955803821251,-0.23286271016925886,-0.17785530318855203
6.34,0.0,0.0,0.0,0.05708066862038494,0.1523980463301584,-0.004723378231657804,-0.3198792357343316,-0.2377564436147599,-0.17177308126314295
6.36,0.0,0.0,0.0,0.050605906088475025,0.14722857063739347,-0.008084999874972021,-0.3272373659343199,-0.27969618596255286,-0.16437027621893308
6.38,0.0,0.0,0.0,0.04396893933599719,0.14148415490232924,-0.011302842209249042,-0.33350284137795927,-0.2794576199638298,-0.15781341959691753
6.4,0.0,0.0,0.0,0.0371972470205956,0.13612852418239066,-0.014402179718455477,-0.34339723655713184,-0.2590174167802478,-0.1519084895154036
6.42,0.0,0.0,0.0,0.030647500092424174,0.13115127563528906,-0.0173529031031045,-0.3110063294331573,-0.24310243342705354,-0.14352022406528514
6.44,0.0,0.0,0.0,0.02437587472026849,0.12615651874964318,-0.020180732799761125,-0.3236072271139908,-0.25927228555835585,-0.14005174313075397
6.46,0.0,0.0,0.0,0.017855689114205417,0.12113789636437541,-0.022945431817016138,-0.3196512729262316,-0.23177574430109854,-0.1358833455160291
6.48,0.0,0.0,0.0,0.011388518046051496,0.11670847521698921,-0.025619327487760246,-0.3231304027034775,-0.21880335308632323,-0.13140855559974834
6.5,0.0,0.0,0.0,0.00535716162837406,0.11225489831480023,-0.028187577774593353,-0.2943892586319072,-0.22591523804251407,-0.1259782108692354
6.5200000000000005,0.0,0.0,0.0,-0.0007922276107649728,0.10768022082753743,-0.030665598617523826,-0.30273009484329816,-0.22016798558589132,-0.12067268932323369
6.54,0.0,0.0,0.0,-0.006369870224074273,0.10380928153075655,-0.03299384946056477,-0.2765258738327531,-0.1768037427190931,-0.11319696243037787
6.5600000000000005,0.0,0.0,0.0,-0.011907425493872442,0.10010132942880712,-0.035206722545864544,-0.26203650068095397,-0.1979706452072284,-0.10754247056954513
6.58,0.0,0.0,0.0,-0.016949358173856482,0.09624595568310115,-0.03729070002935414,-0.25601315051628826,-0.18717219342545852,-0.10139353971925175
6.6000000000000005,0.0,0.0,0.0,-0.022137083414209002,0.09277087485143436,-0.03924868966416323,-0.24186653513526868,-0.15011817634449487,-0.09267482826869833
6.62,0.0,0.0,0.0,-0.026644774439848806,0.090018044952346,-0.040999305179835244,-0.2184310857743091,-0.14119492329504998,-0.08354903070344172
6.640000000000001,0.0,0.0,0.0,-0.030991503314722585,0.08690388875953274,-0.04261774921380901,-0.20634073761195565,-0.1577948501877468,-0.0779050748151795
6.66,0.0,0.0,0.0,-0.034783468672371226,0.08416278065969812,-0.04410351436407217,-0.19093275411141078,-0.11868262247127148,-0.07157090793396848
6.68,0.0,0.0,0.0,-0.0388677999563386,0.08190978581954356,-0.04549789871535692,-0.18817741698589696,-0.11138515659641493,-0.06703544399085282
6.7,0.0,0.0,0.0,-0.04198170017528019,0.07975685272767616,-0.04677699418986614,-0.13998108816564273,-0.1112610875576.72,0.0,0.0,0.0,-0.043082856.72,0.0,0.0,0.0,-0.045031935974670895,0.07722554090020384,-0.04803025750551676,-0.16821633137714012,-0.13144999347244238,-0.06266592974546747
6.74,0.0,0.0,0.0,-0.047967076306123374,0.07502947634620838,-0.04921685734489245,-0.1307800836250885,-0.08569071672018938,-0.05584988958534076
6.76,0.0,0.0,0.0,-0.05083445083582816,0.0727331818024271,-0.05030726483618586,-0.14981412831645258,-0.146563874334841,-0.053213235702805894
6.78,0.0,0.0,0.0,-0.05271095573011228,0.0709214766145855,-0.05125726796039132,-0.058906542337256305,-0.044544802458921284,-0.04272343153440317
6.8,0.0,0.0,0.0,-0.05467755049614145,0.06941181555094024,-0.05204815236602983,-0.12054874371253584,-0.12164630634854441,-0.03583441196985193
6.82,0.0,0.0,0.0,-0.05549039746220738,0.06674314756153543,-0.05265338540293013,-0.002858647383429544,-0.13417898383339252,-0.026343565709894046
6.84,0.0,0.0,0.0,-0.05820721885634941,0.06454162962077355,-0.05314320235538697,-0.1358781939775756,-0.06423306820450914,-0.0189805796713296
6.86,0.0,0.0,0.0,-0.05710916771839916,0.0646210153966284,-0.05335794183320541,-0.03400937509124667,-0.04673297341630657,-0.010466099837041387
6.88,0.0,0.0,0.0,-0.05905630980111348,0.06203718870707308,-0.05340265817789927,0.14939376512780245,-0.11893592102095094,0.013026529813302101
6.9,0.0,0.0,0.0,-0.0552566829152937,0.06144690012561315,-0.05297449094603887,-0.053499828533834684,-0.025040627356196242,0.028188212015514136
6.92,0.0,0.0,0.0,-0.057043925978155635,0.06134430170368829,-0.05209679002780522,0.007304698599379572,-0.0027010266266964916,0.0542420536434538
6.94,0.0,0.0,0.0,-0.05965610984520858,0.06015839842127345,-0.05113487738978656,-0.2684725920283969,-0.09485258990241463,0.04207785028760713
6.96,0.0,0.0,0.0,-0.06264201263762262,0.05934994239896189,-0.05037998138081774,-0.023393012445652672,0.04199290293716547,0.02946835384080404
6.98,0.0,0.0,0.0,-0.06533138223558294,0.059906213557039026,-0.050168331676416184,-0.16872706107335073,-0.0159333284104327,-0.005644541255900304
7.0,0.0,0.0,0.0,-0.06528510313754027,0.05813647067977418,-0.05049177977619671,0.07408830834674765,-0.13946517254746083,-0.02771887739764689
7.0200000000000005,0.0,0.0,0.0,-0.06578897855653318,0.05572417979323094,-0.05116211397898007,-0.09414413566653394,-0.08582189065681951,-0.03616822601592662
7.04,0.0,0.0,0.0,-0.0677808494741155,0.05473773443720324,-0.05192334328832108,-0.11924709381544824,-0.038644651627870646,-0.0413499684430112
7.0600000000000005,0.0,0.0,0.0,-0.07064111826305466,0.05293889485886903,-0.052825604933075615,-0.14937239855239404,-0.15584508375918943,-0.04789605678038611
7.08,0.0,0.0,0.0,-0.07377826016126282,0.0490114072471596,-0.05380620872899812,-0.17324361749350897,-0.21570075419582962,-0.04946935469609137
7.1000000000000005,0.0,0.0,0.0,-0.07704829071868788,0.045515299359568065,-0.05473535321820301,-0.13706017852114635,-0.1136844178624399,-0.04199343957600199
7.12,0.0,0.0,0.0,-0.07971831811738991,0.04393490039616513,-0.05550443840445479,-0.12779567432779493,-0.07495108160856558,-0.03505688138532581
7.140000000000001,0.0,0.0,0.0,-0.08118950895335864,0.04165356559960939,-0.056127545586353744,-0.027519016768265542,-0.13960566071871114,-0.02719514515138788
7.16,0.0,0.0,0.0,-0.08166035401853497,0.038937284864130964,-0.056580336372326956,-0.018371602220907154,-0.11087362633706566,-0.016835837464301395
7.18,0.0,0.0,0.0,-0.0812865707601382,0.03785637833188295,-0.05676322774376838,0.04129962557406823,-0.01092909999988348,-0.0022848947277902543
7.2,0.0,0.0,0.0,-0.08054144978343925,0.0371985796749383,-0.056710567044452875,0.039647063239900714,-0.0614091189055066,0.007592560324458875
7.22,0.0,0.0,0.0,-0.07902164253406502,0.035686713995794955,-0.056446746346903554,0.09753422289651459,-0.07633118668367753,0.018617444832689456
7.24,0.0,0.0,0.0,-0.07738027320926738,0.03473584110939029,-0.05596309720731529,0.0668937695662049,-0.007617974361745883,0.02987979115622874
7.26,0.0,0.0,0.0,-0.07585289363172246,0.035275452200152775,-0.05526534255625104,0.09034338300324718,0.042089669985659744,0.03932339559196518
7.28,0.0,0.0,0.0,-0.0739313759981037,0.03551313426566463,-0.05439370227958956,0.09113331812771758,-0.015565166888100945,0.04773457228105782
7.3,0.0,0.0,0.0,-0.07175596026257863,0.03504537443333042,-0.053367029691521906,0.13804067925041585,-0.01740519582955341,0.05413452088164883
7.32,0.0,0.0,0.0,-0.06913177348554611,0.035217497376079494,-0.05224590578134869,0.10584305726767274,0.03533098124275355,0.05769430057195857
7.34,0.0,0.0,0.0,-0.06717889285024722,0.03614872247237691,-0.051081848423527976,0.11750015575069894,0.039815210878016816,0.057376082349555935
7.36,0.0,0.0,0.0,-0.06479982590588759,0.03589744842071506,-0.04999841074876643,0.09389111809946675,-0.07210532067829481,0.05030381106213655
7.38,0.0,0.0,0.0,-0.06346109178536039,0.03478207256995397,-0.048999455100197375,0.048185361986409866,-0.021677071095743627,0.05049405662577722
7.4,0.0,0.0,0.0,-0.06301957173093567,0.03504695790498255,-0.04800034077937526,0.00744944528219138,0.03680751559595016,0.04911780780353531
7.42,0.0,0.0,0.0,-0.06208926053924281,0.035054008848794976,-0.04706837251286111,0.06086410925617833,-0.038870520569898565,0.043752963449341764
7.44,0.0,0.0,0.0,-0.06152826901405918,0.03350918285920859,-0.04625842795105195,0.010250117075398454,-0.06436561376859495,0.03880959068367734
7.46,0.0,0.0,0.0,-0.06112532811801838,0.03311589206352996,-0.04549370120579882,0.014896387872012334,0.014011304542892233,0.037586329075080444
7.48,0.0,0.0,0.0,-0.060901032308671096,0.03339308797504001,-0.04476357337801079,0.03428153344885263,-0.01577605852272737,0.034673349237886605
7.5,0.0,0.0,0.0,-0.060173958070586175,0.03256561259613063,-0.04410528532433522,0.014043064010172442,-0.05552270353335345,0.03177477919691132
7.5200000000000005,0.0,0.0,0.0,-0.05995331913053334,0.03181982450871225,-0.04347287620259327,0.041263909919646465,-0.0030771862148000484,0.03177284474008342
7.54,0.0,0.0,0.0,-0.05899135811514891,0.032110890717313524,-0.04283226475799634,0.03764781112154075,0.01201519442703955,0.03252434850677091
7.5600000000000005,0.0,0.0,0.0,-0.05803535554249893,0.031746383864989396,-0.04218302192710538,0.06939297542222238,-0.046432352562157594,0.032161089770994467
7.58,0.0,0.0,0.0,-0.05680807144201236,0.0306932297878456,-0.041528028464760336,0.037437307047543264,-0.04580367928111888,0.03379129573499834
7.6000000000000005,0.0,0.0,0.0,-0.05595841301694393,0.030602134401346164,-0.040814037074349496,0.06337103100414505,0.028127211606289684,0.03726272756276955
7.62,0.0,0.0,0.0,-0.05449653536482077,0.031102647084604945,-0.04005433349920107,0.06904774191440628,0.002648872028032632,0.03906118226559763
7.640000000000001,0.0,0.0,0.0,-0.053349057070204764,0.030628672611775293,-0.03923829798717032,0.06087023452475022,-0.03661215938174511,0.042418184842780926
7.66,0.0,0.0,0.0,-0.051841297574101164,0.030174242688301267,-0.03837745992393271,0.07004252950909126,-0.003962999586307007,0.043241155634571316
7.68,0.0,0.0,0.0,-0.050638403966823065,0.030447169462928803,-0.03751549827253137,0.0908339567630985,0.01961504110806368,0.04202154826080595
7.7,0.0,0.0,0.0,-0.04816860229849747,0.030580945616171883,-0.036724120443506036,0.11491449852167167,-0.0255411471886378,0.03639147058896963
7.72,0.0,0.0,0.0,-0.04674854892791823,0.029693243425103877,-0.03605877695462073,0.04970911691021236,-0.016586468540235336,0.031712943446308484
7.74,0.0,0.0,0.0,-0.04567132856087687,0.029777570698448504,-0.03545110985950328,0.04513251622617641,0.016578014478097564,0.029284414634960232
7.76,0.0,0.0,0.0,-0.04535248831363581,0.03007097342725131,-0.034867921513882905,-0.0019302108790151956,0.004391884984323191,0.029233362906544214
7.78,0.0,0.0,0.0,-0.045210798399218335,0.02995430289332634,-0.034272805901576164,0.005933333997040574,-0.011494502550514277,0.030738697370233714
7.8,0.0,0.0,0.0,-0.04551602051294523,0.02986337958388145,-0.033625205674480796,-0.023174286600898653,0.01219208473909194,0.033827459609686805
7.82,0.0,0.0,0.0,-0.04547209156668573,0.030410271653070576,-0.03292774474691826,0.01800991075283613,0.03430285501720382,0.03570229483567222
7.84,0.0,0.0,0.0,-0.04514561883104018,0.030924017069743473,-0.03221641185746743,0.013600222235279583,0.011566176224449574,0.03500079061320838
7.86,0.0,0.0,0.0,-0.04496329067199721,0.030963727785179307,-0.03152739245192779,0.005177338560684017,0.0024657573651324163,0.03379392460828834
7.88,0.0,0.0,0.0,-0.04498751738983153,0.031184111033588712,-0.030867694359797,-0.004167897025693923,0.018346056683556364,0.03228238846225717
7.9,0.0,0.0,0.0,-0.04471680300024228,0.03155994661724488,-0.030236154821627947,0.028106433656251168,0.01471572338326272,0.030666630332757627
7.92,0.0,0.0,0.0,-0.04427650111580571,0.03164730477749574,-0.029647863716115205,0.008983131783919546,-0.006729538078789982,0.02820596919484175
7.94,0.0,0.0,0.0,-0.04420285062010014,0.0315015273018676,-0.029108293798251486,0.0056289259627290145,-0.0014624840761639016,0.025421246350787463
7.96,0.0,0.0,0.0,-0.044177419075717955,0.031569106169035806,-0.028632494139202706,-0.0060522231262025925,0.005076790202947202,0.022285876330030874
7.98,0.0,0.0,0.0,-0.04407506774291954,0.031515426079291343,-0.028222953409509144,0.015958298641901035,-0.012383622994467415,0.018784168725963113
8.0,0.0,0.0,0.0,-0.04399387536716813,0.031071057760826085,-0.02787379925619794,-0.01290832295997846,-0.029763225153200543,0.016118735736631695
8.02,0.0,0.0,0.0,-0.04425562603047266,0.030653191986261784,-0.027587653405980857,-0.008441075347672612,-0.010355952576256183,0.012634820769529487
916900048,-0.027084293446842066,-0.029488989088796828,0.0026046796831817876
8.02,0.0,0.0,0.0,-0.03929928514114463,0.061838281754283284,-0.008074297510019979,-0.03431895093384706,-0.037164941829584526,-0.000587174329226281
8.040000000000001,0.0,0.0,0.0,-0.04005145114647864,0.061027665892440894,-0.008114708041583832,-0.04228472915453079,-0.0426606980336366,-0.003352226490508592
8.06,0.0,0.0,0.0,-0.04099914431158938,0.06013308231749134,-0.008205115236889729,-0.04866879364018971,-0.0464835537644573,-0.005538945919551841
8.08,0.0,0.0,0.0,-0.04190312801708061,0.05917051948670268,-0.008332410641081422,-0.04445901179777036,-0.05034007248751968,-0.00713550029175658
8.1,0.0,0.0,0.0,-0.04291362243278525,0.05811303681990908,-0.008489015994847499,-0.05380595976156497,-0.05382812928368096,-0.008391677428638333
8.120000000000001,0.0,0.0,0.0,-0.04381955563784193,0.057069736797041984,-0.008662343725277272,-0.041732654759267546,-0.051265382013821297,-0.009063023014040494
8.14,0.0,0.0,0.0,-0.04482714453536914,0.05600849374488943,-0.008852888875030412,-0.05503576570857176,-0.05546191558811429,-0.009889462943401206
8.16,0.0,0.0,0.0,-0.045632766179643236,0.05491794240490601,-0.009051436969156862,-0.03273830768240607,-0.05251161472230213,-0.009995196432804443
8.18,0.0,0.0,0.0,-0.04656835870120024,0.05386678610682187,-0.009257218205148354,-0.059239126242159615,-0.05449646397429519,-0.010520604261021749
8.2,0.0,0.0,0.0,-0.04729847524672966,0.052864660355897056,-0.00946081798793219,-0.022065286168172327,-0.04643100063258901,-0.009912022417299049
8.22,0.0,0.0,0.0,-0.04787221512618825,0.05195759172088348,-0.009678824229219118,-0.04173803907013124,-0.051369338539731656,-0.01259940606379617
8.24,0.0,0.0,0.0,-0.0489181581971775,0.05083994992886335,-0.009971116782086342,-0.05576924227908489,-0.0539087814350013,-0.016519331040073304
8.26,0.0,0.0,0.0,-0.05008327965229231,0.04976134722394343,-0.010328316739708798,-0.0639257100182487,-0.05827220919064358,-0.018975588128387066
8.28,0.0,0.0,0.0,-0.05118140150348016,0.04850282249465882,-0.010716329946272196,-0.04392712315592408,-0.06700410313820014,-0.01945694518679897
8.3,0.0,0.0,0.0,-0.05228906503140346,0.047070357541706936,-0.011100483893345947,-0.07201783309472529,-0.07255376760554866,-0.018804120905431376
8.32,0.0,0.0,0.0,-0.05337046811187039,0.045924807724214325,-0.01144474061330586,-0.033171853508476554,-0.04138065623679518,-0.015400141451147209
8.34,0.0,0.0,0.0,-0.05424655545755874,0.045121618810659875,-0.011726253216224225,-0.05821886778372477,-0.04676967333707033,-0.013057434180230532
8.36,0.0,0.0,0.0,-0.05496606673172373,0.044079767744212656,-0.011962153789578378,-0.018236905125153954,-0.049175269730756796,-0.010519214741707361
8.38,0.0,0.0,0.0,-0.05566604703552422,0.04335290179628698,-0.012158097327097273,-0.06088730355185157,-0.028611351888674724,-0.009416851189596342
8.4,0.0,0.0,0.0,-0.05663603528960538,0.042994972032324,-0.012332119390579488,-0.022292925444322445,-0.006143994882026285,-0.008106235993795785
8.42,0.0,0.0,0.0,-0.05712715959102779,0.042739588736509085,-0.012508634415780873,-0.03942060038900688,-0.029377655494240748,-0.010856904116533894
8.44,0.0,0.0,0.0,-0.05820928668805414,0.04187946476491192,-0.012773568442929928,-0.05206428488495177,-0.03697349835339725,-0.0149480021225884
8.46,0.0,0.0,0.0,-0.05931789745228935,0.04145457268524849,-0.013098655877698484,-0.07183956913376599,-0.016611367446086392,-0.017667501859007978
8.48,0.0,0.0,0.0,-0.060663463793101405,0.04083641065945383,-0.013464375185683164,-0.041603080941901,-0.04690391253592101,-0.018157268238762556
8.5,0.0,0.0,0.0,-0.061489329990537925,0.039754065125654374,-0.013821283644690485,-0.05812110614014968,-0.060471497165829904,-0.0176661063283745
8.52,0.0,0.0,0.0,-0.06255813805427046,0.03893568290590105,-0.0141423119591233,-0.027390895259301662,-0.008490329851450401,-0.013034826646240574
8.540000000000001,0.0,0.0,0.0,-0.0631311407857195,0.03897335563050312,-0.014362573474585583,-0.03539849739327218,-0.012514954735183548,-0.010674924342635866
8.56,0.0,0.0,0.0,-0.06369608144202743,0.03795255328133646,-0.014601764762022462,-0.027867730418053127,-0.06601525760413252,-0.012787557575277053
8.58,0.0,0.0,0.0,-0.06454382992041305,0.03689218214202349,-0.014870639720321044,-0.052282822748903494,-0.023789302892210824,-0.014119755236731646
8.6,0.0,0.0,0.0,-0.06543389194898189,0.036992565202572256,-0.015151204377794047,-0.032182426302909815,0.016476382099918988,-0.01404401853641346
8.620000000000001,0.0,0.0,0.0,-0.06580815464526357,0.036767185533620864,-0.015448962368861008,-0.017038026265088296,-0.04414735144957873,-0.016279410479832168
8.64,0.0,0.0,0.0,-0.06628310132800447,0.03560792771637541,-0.015793734528354697,-0.008355108919476106,-0.04868474703229973,-0.01664845256062908
8.66,0.0,0.0,0.0,-0.06622032203550546,0.03531785784573081,-0.016093931407587914,-0.014218632984335927,0.009129430902262405,-0.014388975569513573
8.68,0.0,0.0,0.0,-0.06674201491594756,0.035375856957143875,-0.016389043195812802,-0.002676797521822233,-0.016982358595222943,-0.01498420594546701
8.700000000000001,0.0,0.0,0.0,-0.06637788251446347,0.034781118241913524,-0.016703305328151064,0.012652934781506288,-0.03856686911008497,-0.016892481137764537
8.72,0.0,0.0,0.0,-0.06651190578489932,0.03415243235504624,-0.01705428681726817,-0.00039654877186887615,-0.00766084007682636,-0.01660899120098147
8.74,0.0,0.0,0.0,-0.06623470607227933,0.034179655825296626,-0.01736265486641425,0.01817041442464795,-0.03638916113520252,-0.01609871282032027
8.76,0.0,0.0,0.0,-0.066191586920225,0.03263340812937162,-0.017712800762413605,0.011826676058910787,-0.08150067184932037,-0.016985906418720553
8.78,0.0,0.0,0.0,-0.06533600147936267,0.03182861865937674,-0.01800590179152589,0.04131279859068813,-0.0038147542027266446,-0.01345519311413601
8.8,0.0,0.0,0.0,-0.06520228377832304,0.03180090045920628,-0.018285717328254625,0.010665494337941506,-0.02842952554670515,-0.013801884830738631
8.82,0.0,0.0,0.0,-0.06407484765588306,0.030764979823192318,-0.018546900511320186,0.07349632103107967,-0.06153657388766423,-0.012715049697266556
8.84,0.0,0.0,0.0,-0.06320055107382289,0.029613577441315236,-0.018805212510931618,0.019441945748467818,-0.043596601567849357,-0.012205851766580622
8.86,0.0,0.0,0.0,-0.062659126557885,0.02923203357004008,-0.019011682792227258,0.03412022847905,-0.01463804218119484,-0.00911128774569736
8.88,0.0,0.0,0.0,-0.06223400696474926,0.028053530371870958,-0.019215400912138886,-0.007954503202618021,-0.08239161864497711,-0.010949300476247092
8.9,0.0,0.0,0.0,-0.062417913408087014,0.026561193455156753,-0.019422570282662754,0.017565675985160782,-0.04309686223830735,-0.008342967864040762
8.92,0.0,0.0,0.0,-0.062089270838755234,0.026183993604045597,-0.01955058738617703,0.004292009805112865,-0.0297174305635904,-0.004422098446778655
8.94,0.0,0.0,0.0,-0.06246462966267895,0.025079950045641942,-0.019586043855154348,-0.037023636841453475,-0.07568788798123068,0.000922835951422396
8.96,0.0,0.0,0.0,-0.0632071489249713,0.023522198085043973,-0.019516101754793402,-0.024969017141932448,-0.061190984288090014,0.0058520732137778975
8.98,0.0,0.0,0.0,-0.0637735556234254,0.02283958765833781,-0.01937694697024358,-0.036448891834625845,-0.009928447852735667,0.007358338844039469
9.0,0.0,0.0,0.0,-0.06385864255367195,0.022709874949986653,-0.019241165664176614,0.028159165977790168,-0.009680200377906512,0.005745841846311661
9.02,0.0,0.0,0.0,-0.06339536458416371,0.022275958873776515,-0.019161027704996433,0.01070675995529807,-0.03138031549850872,0.0023642897071509683
